14571 26569 05194 49915 87345 21641 93174 29340 79402 01977 89771 69370 97604
16428 81309 09

992  (207 digits) :
92523 94159 94386 55486 95885 30526 73211 33917 91027 10714 60896 75782 21399
76047 28132 15909 91446 75176 87982 93528 18608 73065 38837 69505 21581 86157
00996 37479 32427 41022 44407 09142 68567 00404 12619 31970 00446 02587 37885
52108 23082 29

993  (208 digits) :
14970 68822 81002 05343 99232 22753 30051 58498 63700 78561 37201 74745 52527
41318 75963 00468 38167 76678 76495 93980 12638 13854 56182 55386 70192 40362
81556 76404 83762 19093 83175 23078 46174 12974 49202 13394 79021 77195 83548
96853 70439 138

994  (208 digits) :
24223 08238 80440 70892 68820 75805 97372 71890 42803 49632 83291 42323 74667
38923 48776 22059 37312 44196 45294 23332 94499 01161 10066 32337 22350 58978
51656 40152 77004 93196 07615 93992 73030 83014 90464 06591 79066 37454 57337
52064 52747 367

995  (208 digits) :
39193 77061 61442 76236 68052 98559 27424 30389 06504 28194 20493 17069 27194
80242 24739 22527 75480 20875 21790 17313 07137 15015 66248 87723 92542 99341
33213 16557 60767 12289 90791 17071 19204 95989 39666 19986 58088 14650 40886
48918 23186 505

996  (208 digits) :
63416 85300 41883 47129 36873 74365 24797 02279 49307 77827 03784 59393 01862
19165 73515 44587 12792 65071 67084 40646 01636 16176 76315 20061 14893 58319
84869 56710 37772 05485 98407 11063 92235 79004 30130 26578 37154 52104 98224
00982 75933 872

997  (209 digits) :
10261 06236 20332 62336 60492 67292 45222 13266 85581 20602 12427 77646 22905
69940 79825 46711 48827 28594 68887 45795 90877 33119 24256 40778 50743 65766
11808 27326 79853 91777 58919 82813 51144 07499 36979 64656 49524 26675 53911
04990 09912 0377

998  (209 digits) :
16602 74766 24520 97049 54180 04728 97701 83494 80511 98384 82806 23585 53091
91857 37177 01170 20106 55101 85595 89860 51040 94736 91887 92784 62233 01598
10295 22997 83631 12326 18760 53919 90367 65399 79992 67314 33239 71886 03733
45088 37505 4249

999  (209 digits) :
26863 81002 44853 59386 14672 72021 42923 96761 66093 18986 95234 01231 75997
61798 17002 47881 68933 83696 54483 35656 41918 27856 16144 33563 12976 67364
22103 50324 63485 04103 77680 36733 41511 72899 16972 31970 82763 98561 57644
50078 47417 4626

1000  (209 digits) :
43466 55768 69374 56435 68852 76750 40625 80256 46605 17371 78040 24817 29089
53655 54179 49051 89040 38798 40079 25516 92959 22593 08032 26347 75209 68962
32398 73322 47116 16429 96440 90653 31879 38298 96964 99285 16003 70447 61377
95166 84922 8875









End of Project Gutenberg's The Fibonacci Number Series, by Michael Husted

