90613688006364583707974773239779730657116052074622
82861908502622602104744016431912961110714172345368
70438941706266104848312504385849380198806796071925
84924506248674934660460809046875174444978627509760
77596667478580096920010480087025414120717118086001
41872466895769236180037193555031529839249117686580
24152436150642527751119836514740508214126178967600
87861345524376539757065030915878749907658846001814
11440894115062407782752697576449331072110249930329
56794752821671355030417984706338121459073757332515
65088131705369440839057803272015560800831928265422
03593764260486236970721429846268033615775150958777
96022011071990964022228128324252188782834403680611
23688630620237612635033023634186231130197337664328
13385054838071267133667233759465185211552663186700
67521608447282966120815304803581333296124179045911
79985055944321142536463118173821296928396246881999
06532627434206530956571635175417924132911473401794
40912226924295225126021434914579940901573120083053
20079024555483573022867472756409643697803414474057
62915693269805825854041492967814505266897050112725
56110716953661961540930195724064712205655397434998
67112147901875793641876405032883262990982344938171
48922210769354844704553754694868852557064239005503
46567143387296097906523063702740453395250418910826
81792325880025774146915613687930497314729101276654
27668988184295049334010929678800945507745506939781
09987050725109155085776330779833959488428394284969
45921656160376767479238519999671546944001144714322
59545443430710068726755212204109911222688158583256
43058229072568810208966561998938125081728008155157
31755283190583226142989071347300996638534815794769
13899226202253301248331509392133880290077496079577
91908582755843261855894806939886180543302086789229
15651822249008013721711605523598357244203918261144
39882448499744405013781163605231007305416413265916
07284094984287753493531773034508079943011971056203
43979990622336749474646609198121240127121781576816
37248193763530065763136311643206734139127355954585
90818299828961653879062744493635069214159378503115
96040094759439693991691161867578443435237040899274
09392558526043002431327074954543467765516778598877
96652872497364283739772263758766550148713336233728
62500529751049038610136713676821277251585746260153
96749948824430933389503122766886216040695587112241
71446373653208455639238377438714479259276478682535
65028586215915683402637994366172093938986417813856
17891024151185383132969503373622067070337733099737
14140849815533365433455701319298509749431952443534
85521068450443439316455999497373176511954205579474
92287605670149301856095795262497640880274553662653
05703543511275616710583087384736609832126851562507
66186470180489394838531249621719396738209971233083
92548442222354617150215033003310471565141145256206
58707939000043834955054584059682083121826853819778
56108576087616591778241591149191976373024988392972
06728532131049879026976743876930498495789708184931
79859353314671989842533283874552498976382301531988
90610234905644984936772169003795078042735976856271
09853942648475154926932437283394092239153722588739
16253865980853010924230586778252004302830810171733
53734631174693669468693205549889930468960673763375
30380674359946790157013660220147536057655605839408
89927555581241383152335434738845107813175295824257
61774648905759806691954896416790434644227807616560
32389393545874509146797547278028317422318982121620
67334205964278988139514989306570073468798238344973
98664946827300973617223430743058786450159193462664
98998782274658058833954492276454684613179832547378
77761647970301950646784884008793673620234271563814
70448076393142959006944331273023815201907694129212
45794377404248810908586482898977810846727342142159
43584749415042684672464119868796993386117908040523
34745040581315497874177577462609163826324150972164
37810153726473863829239894898047156746822259760934
79935694792237242646155419762406648825733614400352
02450355480339164447996176330025720110334511737293
89176249505637589306959668349830749596994896180941
97934375059641153693582013519079504654064206685287
21626971476909050952605606095368504546766456197475
86481968320170962869907582971575116630113521550450
08592347596757235487136149062009009516993997730707
82150884284276367640628955862124194043649680728139
24664058317239059045532500957041231287359338636157
25883437110985437744232691964234243969954657631330
56348800915434102616290375377662558341528288234163
64419222620359645850675167170398263885058399272134
20024705391634874197667823635694816019970406890506
33695627479041261868876210029366750125360637477626
36582481052580602555279100012887157155913334291236
22633626209495510144643631091591403299652156676368
87016524587438245120708776405345753613466726488591
43461301061160345966938283648878215383114817970483
32886338706247103239589992224427765881534676004982
78957725501507244170363360546025104882112646276145
36129996603292809177015143188509160983441714766743
77392531638592210953759194179212406533489771624776
41173675331647766371096652560099271625367954391378
57546184733904986955267869058217304417429395912469
17889523859811892290816470668310123559474923627592
71815760650604820792084159560156333776988312972453
06285708966390125141921911895562899369014448165546
70770652255113902034675211519710291178924406002868
70668783300903159272813947035527077944105266021715
69873977973059608324024363362979753368108731578294
55015250660749797627461517421266945387845695710443
43831583263647284187707684089792153218490889457737
14194416976851449971772831052040031728029913076271
59363194086440768031084095046117613996072406008505
40756456686921944868622836250917336711062784176851
04880910534166725008231491664187699497302865255377
86483540338986534902110129537344936339068719957284
66993235813222904579917833685261606867681141968259
30981212521280424967493662488281241849361693591894
44244212062883493690470651247360405496447048181523
05919534789407774746078669861325809232501018530209
50421178444178661527002797534068937404002977489690
80648237603853814171770406940319417761169787609387
57313656094087939602980150681399019839668543994726
36586236712709963898553193957411873336187941466728
00561764897957497415357410094937233655765435141445
70852726851574427112796099950893182884488254297742
19846956862417770870640302475247928283125855980401
21588421297674731878093115313182167539145417975710
68392534875840214937021204750378890556194016474435
68291937923950889819022384242323287676366831963185
72845992994357198238764218257600092347749874489787
69799124034384499030364505405943842754972344608345
79807796823701486980464630401353549158331329746013
89482848422119619724789014565809443964092671684091
83491136926492417685905113427201269270684876804040
55813342880902603793328544677887










End of Project Gutenberg's The 32nd Mersenne Prime, by David Slowinski

