================================ 0.87339 =======================================

import pickle
from os import listdir, path
import load_data as ld
from load_data import Tokenizer
import rf_classify as rf 
import sys

KAGGLE_DATA_PATH = '../data/kaggle'

(X, vectorizer) = pickle.load(open('pure_counts_df5.pkl'))

words = vectorizer.get_feature_names()
#remove numerals and lemmatize all parts of speech
X, words = ld.remove_numerals(X, words)
X = ld.lemmatize_design_matrix(X, words)[0]
y = ld.get_labels(ld.document_paths('train'))

def train_kaggle_model():
	model = rf.Classifier(X, y, max_features = 150, n_estimators = 1100)
	model.train()
	pickle.dump(model, open('kaggle_model.pkl', 'w+'))

def classify_kaggle_documents():
	model = pickle.load(open('kaggle_model.pkl'))

	num_kaggle_files = len(listdir(KAGGLE_DATA_PATH)) - path.exists(KAGGLE_DATA_PATH + '.DS_STORE')
	kaggle_files = ['{0}/{1}.txt'.format(KAGGLE_DATA_PATH, i) for i in range(num_kaggle_files)]
	kaggle_count_matrix = vectorizer.transform(kaggle_files).toarray()
	kaggle_count_matrix_lemmatized, words = ld.lemmatize_design_matrix(kaggle_count_matrix, vectorizer.get_feature_names())
	kaggle_count_matrix_lemmatized = ld.remove_numerals(kaggle_count_matrix_lemmatized, words)[0]

	predicted_labels = model.predict(kaggle_count_matrix_lemmatized)

	print 'id,category'
	for i in range(len(predicted_labels)):
		print '{0},{1}'.format(i, predicted_labels[i])

if __name__ == '__main__':
	if sys.argv[1] == 'train':
		train_kaggle_model()
	if sys.argv[1] == 'classify':
		classify_kaggle_documents()

id,category
0,0
1,3
2,3
3,0
4,3
5,1
6,0
7,3
8,3
9,2
10,3
11,3
12,0
13,0
14,2
15,0
16,1
17,1
18,0
19,0
20,1
21,3
22,0
23,3
24,2
25,1
26,3
27,3
28,3
29,1
30,0
31,0
32,3
33,1
34,1
35,2
36,0
37,3
38,1
39,3
40,1
41,0
42,0
43,0
44,3
45,0
46,1
47,3
48,3
49,3
50,2
51,1
52,3
53,3
54,1
55,1
56,1
57,1
58,1
59,0
60,3
61,0
62,0
63,2
64,3
65,0
66,1
67,0
68,1
69,3
70,0
71,0
72,0
73,0
74,3
75,3
76,2
77,1
78,0
79,3
80,0
81,0
82,0
83,0
84,1
85,0
86,3
87,0
88,0
89,3
90,3
91,3
92,3
93,2
94,1
95,3
96,1
97,3
98,1
99,0
100,3
101,1
102,0
103,1
104,1
105,1
106,3
107,3
108,3
109,3
110,2
111,0
112,3
113,3
114,1
115,0
116,3
117,3
118,3
119,0
120,0
121,1
122,3
123,1
124,1
125,1
126,1
127,1
128,1
129,0
130,3
131,0
132,0
133,0
134,1
135,0
136,3
137,2
138,0
139,0
140,0
141,0
142,0
143,0
144,1
145,3
146,0
147,0
148,3
149,3
150,3
151,0
152,0
153,3
154,3
155,3
156,2
157,2
158,3
159,2
160,3
161,0
162,0
163,0
164,3
165,2
166,3
167,1
168,1
169,1
170,3
171,3
172,3
173,0
174,0
175,0
176,2
177,3
178,3
179,3
180,3
181,0
182,1
183,3
184,2
185,0
186,3
187,1
188,0
189,2
190,0
191,3
192,0
193,0
194,0
195,0
196,3
197,1
198,3
199,3
200,1
201,1
202,3
203,3
204,3
205,0
206,0
207,0
208,3
209,3
210,0
211,3
212,0
213,0
214,0
215,3
216,3
217,3
218,3
219,3
220,0
221,0
222,0
223,0
224,0
225,3
226,3
227,0
228,0
229,0
230,3
231,0
232,0
233,3
234,1
235,1
236,2
237,2
238,2
239,0
240,3
241,1
242,0
243,1
244,0
245,2
246,0
247,0
248,3
249,3
250,3
251,1
252,0
253,0
254,0
255,1
256,3
257,0
258,2
259,0
260,2
261,1
262,2
263,3
264,1
265,3
266,3
267,0
268,3
269,2
270,1
271,3
272,1
273,2
274,0
275,1
276,1
277,0
278,0
279,1
280,3
281,1
282,3
283,3
284,3
285,1
286,1
287,1
288,3
289,0
290,1
291,0
292,3
293,0
294,0
295,1
296,1
297,0
298,2
299,0
300,0
301,1
302,3
303,1
304,0
305,2
306,3
307,0
308,2
309,1
310,1
311,3
312,1
313,3
314,0
315,0
316,0
317,1
318,0
319,3
320,0
321,2
322,0
323,1
324,0
325,3
326,3
327,3
328,0
329,2
330,1
331,3
332,1
333,1
334,0
335,0
336,1
337,2
338,3
339,3
340,3
341,1
342,3
343,3
344,3
345,1
346,3
347,0
348,0
349,2
350,2
351,0
352,3
353,3
354,0
355,1
356,0
357,0
358,3
359,3
360,0
361,3
362,1
363,0
364,1
365,2
366,3
367,0
368,3
369,2
370,3
371,1
372,1
373,1
374,0
375,0
376,3
377,3
378,1
379,0
380,0
381,3
382,0
383,0
384,0
385,3
386,3
387,1
388,3
389,3
390,0
391,3
392,3
393,0
394,3
395,1
396,3
397,0
398,3
399,1
400,3
401,3
402,0
403,1
404,1
405,3
406,1
407,3
408,0
409,1
410,3
411,3
412,0
413,3
414,3
415,0
416,3
417,0
418,0
419,2
420,1
421,0
422,3
423,0
424,2
425,0
426,2
427,3
428,1
429,2
430,3
431,3
432,0
433,3
434,0
435,0
436,1
437,0
438,0
439,0
440,1
441,3
442,0
443,2
444,1
445,1
446,1
447,0
448,1
449,3
450,3
451,1
452,0
453,1
454,0
455,3
456,0
457,0
458,3
459,3
460,1
461,1
462,2
463,1
464,3
465,3
466,1
467,2
468,3
469,3
470,3
471,0
472,3
473,0
474,0
475,1
476,0
477,1
478,3
479,1
480,3
481,0
482,3
483,3
484,3
485,0
486,3
487,0
488,3
489,0
490,1
491,3
492,0
493,0
494,1
495,3
496,2
497,3
498,1
499,3
500,3
501,1
502,0
503,0
504,3
505,3
506,2
507,3
508,3
509,0
510,0
511,0
512,3
513,0
514,0
515,0
516,0
517,3
518,3
519,2
520,0
521,0
522,1
523,2
524,3
525,0
526,3
527,1
528,3
529,3
530,0
531,1
532,3
533,3
534,0
535,2
536,0
537,0
538,1
539,3
540,2
541,1
542,2
543,1
544,3
545,0
546,0
547,3
548,3
549,1
550,3
551,3
552,0
553,0
554,3
555,1
556,1
557,3
558,3
559,0
560,3
561,3
562,1
563,1
564,3
565,0
566,1
567,3
568,1
569,3
570,1
571,0
572,1
573,0
574,3
575,0
576,0
577,3
578,3
579,3
580,3
581,3
582,3
583,2
584,3
585,3
586,0
587,3
588,0
589,3
590,3
591,1
592,0
593,1
594,0
595,0
596,3
597,3
598,3
599,3
600,0
601,1
602,2
603,3
604,1
605,1
606,0
607,0
608,3
609,3
610,0
611,3
612,3
613,1
614,3
615,3
616,1
617,3
618,1
619,3
620,3
621,1
622,1
623,0
624,0
625,1
626,0
627,2
628,3
629,3
630,3
631,1
632,3
633,1
634,3
635,0
636,0
637,0
638,2
639,0
640,1
641,3
642,3
643,2
644,0
645,3
646,3
647,3
648,0
649,0
650,0
651,0
652,3
653,3
654,3
655,0
656,1
657,3
658,0
659,3
660,3
661,2
662,0
663,0
664,1
665,3
666,1
667,3
668,3
669,3
670,0
671,1
672,1
673,3
674,1
675,1
676,0
677,3
678,0
679,3
680,0
681,0
682,1
683,3
684,2
685,3
686,0
687,1
688,2
689,0
690,1
691,3
692,3
693,3
694,0
695,3
696,1
697,0
698,3
699,0
700,0
701,1
702,3
703,3
704,0
705,1
706,1
707,1
708,0
709,3
710,3
711,0
712,0
713,3
714,3
715,0
716,3
717,2
718,3
719,3
720,1
721,0
722,1
723,1
724,0
725,1
726,3
727,3
728,1
729,2
730,3
731,0
732,1
733,3
734,3
735,1
736,3
737,2
738,3
739,0
740,1
741,1
742,1
743,3
744,2
745,3
746,0
747,1
748,3
749,1
750,3
751,0
752,1
753,2
754,1
755,3
756,3
757,3
758,0
759,2
760,1
761,0
762,3
763,3
764,0
765,3
766,0
767,0
768,0
769,2
770,0
771,1
772,1
773,1
774,3
775,2
776,0
777,0
778,0
779,2
780,3
781,0
782,0
783,2
784,0
785,3
786,3
787,0
788,1
789,0
790,0
791,0
792,2
793,0
794,3
795,3
796,0
797,0
798,3
799,3
800,3
801,3
802,3
803,0
804,3
805,1
806,3
807,3
808,1
809,0
810,3
811,3
812,3
813,1
814,0
815,3
816,3
817,3
818,0
819,2
820,1
821,0
822,1
823,0
824,0
825,3
826,3
827,2
828,3
829,3
830,0
831,0
832,0
833,1
834,0
835,1
836,1
837,1
838,0
839,3
840,3
841,3
842,1
843,0
844,2
845,0
846,1
847,3
848,1
849,0
850,3
851,0
852,3
853,0
854,1
855,1
856,3
857,0
858,2
859,3
860,1
861,3
862,1
863,3
864,3
865,3
866,0
867,0
868,3
869,2
870,3
871,0
872,1
873,3
874,2
875,3
876,2
877,1
878,1
879,1
880,1
881,0
882,0
883,3
884,0
885,3
886,1
887,3
888,3
889,0
890,3
891,0
892,0
893,3
894,3
895,1
896,3
897,3
898,1
899,3
900,0
901,1
902,1
903,3
904,3
905,1
906,3
907,1
908,3
909,3
910,1
911,0
912,3
913,2
914,0
915,0
916,0
917,1
918,1
919,1
920,2
921,1
922,0
923,2
924,0
925,3
926,3
927,0
928,0
929,3
930,3
931,1
932,0
933,0
934,0
935,2
936,0
937,1
938,1
939,2
940,0
941,3
942,3
943,1
944,1
945,0
946,0
947,1
948,0
949,2
950,3
951,0
952,1
953,2
954,1
955,0
956,3
957,3
958,3
959,1
960,0
961,3
962,0
963,1
964,3
965,3
966,1
967,0
968,0
969,0
970,2
971,2
972,2
973,0
974,3
975,0
976,3
977,3
978,0
979,3
980,2
981,0
982,0
983,0
984,1
985,0
986,1
987,3
988,0
989,1
990,3
991,2
992,2
993,3
994,1
995,3
996,1
997,1
998,3
999,1
1000,0
1001,0
1002,3
1003,1
1004,0
1005,0
1006,0
1007,1
1008,1
1009,3
1010,3
1011,3
1012,3
1013,1
1014,3
1015,1
1016,1
1017,0
1018,0
1019,3
1020,2
1021,1
1022,0
1023,1
1024,1
1025,3
1026,0
1027,1
1028,1
1029,0
1030,0
1031,3
1032,0
1033,3
1034,3
1035,3
1036,0
1037,1
1038,3
1039,0
1040,1
1041,0
1042,1
1043,0
1044,1
1045,3
1046,3
1047,3
1048,3
1049,0
1050,3
1051,3
1052,0
1053,0
1054,0
1055,0
1056,0
1057,1
1058,3
1059,0
1060,0
1061,1
1062,1
1063,1
1064,3
1065,0
1066,3
1067,1
1068,0
1069,0
1070,3
1071,1
1072,0
1073,3
1074,0
1075,0
1076,3
1077,3
1078,3
1079,1
1080,0
1081,1
1082,1
1083,1
1084,3
1085,1
1086,3
1087,1
1088,2
1089,3
1090,3
1091,1
1092,0
1093,3
1094,0
1095,2
1096,0
1097,1
1098,1
1099,3
1100,3
1101,3
1102,2
1103,0
1104,1
1105,0
1106,1
1107,2
1108,1
1109,2
1110,0
1111,1
1112,2
1113,3
1114,3
1115,0
1116,1
1117,1
1118,0
1119,1
1120,3
1121,1
1122,0
1123,3
1124,0
1125,3
1126,0
1127,0
1128,3
1129,3
1130,3
1131,3
1132,3
1133,3
1134,2
1135,0
1136,3
1137,1
1138,3
1139,0
1140,1
1141,0
1142,0
1143,1
1144,3
1145,2
1146,1
1147,3
1148,0
1149,1
1150,2
1151,0
1152,3
1153,0
1154,1
1155,3
1156,1
1157,0
1158,0
1159,0
1160,1
1161,0
1162,0
1163,3
1164,3
1165,1
1166,0
1167,3
1168,1
1169,3
1170,2
1171,0
1172,1
1173,0
1174,3
1175,3
1176,0
1177,3
1178,0
1179,0
1180,3
1181,0
1182,0
1183,3
1184,3
1185,1
1186,3
1187,0
1188,3
1189,2
1190,1
1191,1
1192,3
1193,0
1194,0
1195,3
1196,3
1197,0
1198,0
1199,3
1200,3
1201,3
1202,3
1203,3
1204,1
1205,0
1206,0
1207,0
1208,3
1209,3
1210,2
1211,0
1212,3
1213,0
1214,1
1215,1
1216,3
1217,3
1218,0
1219,3
1220,3
1221,1
1222,1
1223,1
1224,0
1225,3
1226,3
1227,1
1228,0
1229,3
1230,3
1231,0
1232,0
1233,0
1234,3
1235,1
1236,3
1237,0
1238,3
1239,0
1240,2
1241,0
1242,1
1243,3
1244,2
1245,0
1246,2
1247,2
1248,0
1249,1
1250,1
1251,2
1252,0
1253,0
1254,0
1255,1
1256,2
1257,0
1258,1
1259,3
1260,3
1261,0
1262,1
1263,3
1264,3
1265,3
1266,0
1267,1
1268,1
1269,0
1270,1
1271,0
1272,1
1273,2
1274,3
1275,3
1276,0
1277,2
1278,2
1279,1
1280,2
1281,1
1282,1
1283,3
1284,3
1285,0
1286,2
1287,0
1288,3
1289,3
1290,3
1291,0
1292,3
1293,3
1294,0
1295,3
1296,3
1297,1
1298,3
1299,1
1300,1
1301,1
1302,0
1303,1
1304,1
1305,1
1306,3
1307,3
1308,0
1309,0
1310,3
1311,2
1312,1
1313,0
1314,1
1315,3
1316,3
1317,0
1318,0
1319,2
1320,3
1321,0
1322,0
1323,1
1324,0
1325,3
1326,3
1327,0
1328,1
1329,1
1330,1
1331,3
1332,3
1333,0
1334,1
1335,1
1336,2
1337,3
1338,0
1339,1
1340,3
1341,3
1342,3
1343,2
1344,3
1345,1
1346,0
1347,1
1348,3
1349,0
1350,1
1351,0
1352,1
1353,3
1354,0
1355,3
1356,1
1357,0
1358,0
1359,1
1360,0
1361,1
1362,1
1363,3
1364,3
1365,3
1366,3
1367,1
1368,0
1369,0
1370,0
1371,1
1372,3
1373,0
1374,0
1375,2
1376,0
1377,3
1378,1
1379,3
1380,1
1381,1
1382,0
1383,3
1384,3
1385,1
1386,2
1387,0
1388,3
1389,1
1390,1
1391,3
1392,1
1393,1
1394,3
1395,1
1396,3
1397,1
1398,3
1399,3
1400,0
1401,1
1402,1
1403,3
1404,1
1405,3
1406,3
1407,3
1408,0
1409,0
1410,1
1411,1
1412,2
1413,0
1414,3
1415,3
1416,1
1417,3
1418,3
1419,3
1420,3
1421,0
1422,0
1423,1
1424,3
1425,0
1426,0
1427,1
1428,0
1429,2
1430,0
1431,3
1432,1
1433,3
1434,0
1435,0
1436,3
1437,0
1438,1
1439,0
1440,0
1441,0
1442,0
1443,0
1444,0
1445,0
1446,0
1447,0
1448,1
1449,2
1450,3
1451,0
1452,3
1453,3
1454,3
1455,0
1456,0
1457,3
1458,2
1459,1
1460,3
1461,3
1462,3
1463,0
1464,1
1465,1
1466,3
1467,1
1468,3
1469,3
1470,1
1471,1
1472,0
1473,0
1474,3
1475,0
1476,1
1477,3
1478,3
1479,3
1480,1
1481,1
1482,0
1483,3
1484,0
1485,3
1486,3
1487,1
1488,0
1489,3
1490,3
1491,1
1492,3
1493,0
1494,0
1495,3
1496,3
1497,2
1498,3
1499,2
1500,3
1501,0
1502,0
1503,1
1504,2
1505,0
1506,0
1507,3
1508,0
1509,0
1510,1
1511,1
1512,1
1513,3
1514,3
1515,0
1516,0
1517,0
1518,0
1519,3
1520,3
1521,3
1522,3
1523,3
1524,3
1525,3
1526,3
1527,1
1528,2
1529,0
1530,0
1531,3
1532,3
1533,0
1534,1
1535,0
1536,3
1537,0
1538,0
1539,2
1540,0
1541,3
1542,1
1543,3
1544,0
1545,3
1546,3
1547,0
1548,0
1549,3
1550,0
1551,1
1552,3
1553,1
1554,0
1555,1
1556,0
1557,0
1558,3
1559,3
1560,3
1561,1
1562,1
1563,0
1564,0
1565,2
1566,1
1567,3
1568,3
1569,0
1570,1
1571,0
1572,0
1573,3
1574,3
1575,0
1576,1
1577,1
1578,0
1579,0
1580,0
1581,1
1582,1
1583,1
1584,0
1585,3
1586,2
1587,0
1588,3
1589,0
1590,3
1591,1
1592,3
1593,1
1594,2
1595,0
1596,0
1597,1
1598,1
1599,0
1600,1
1601,0
1602,0
1603,1
1604,0
1605,0
1606,1
1607,3
1608,0
1609,0
1610,3
1611,1
1612,1
1613,2
1614,3
1615,1
1616,0
1617,0
1618,0
1619,1
1620,0
1621,3
1622,2
1623,3
1624,3
1625,0
1626,1
1627,1
1628,0
1629,1
1630,0
1631,0
1632,1
1633,3
1634,1
1635,0
1636,2
1637,3
1638,0
1639,0
1640,1
1641,3
1642,3
1643,0
1644,0
1645,0
1646,3
1647,0
1648,2
1649,0
1650,0
1651,3
1652,3
1653,1
1654,3
1655,1
1656,2
1657,0
1658,1
1659,3
1660,0
1661,0
1662,0
1663,0
1664,1
1665,1
1666,1
1667,3
1668,2
1669,0
1670,2
1671,1
1672,1
1673,1
1674,1
1675,3
1676,3
1677,1
1678,1
1679,2
1680,0
1681,3
1682,3
1683,0
1684,3
1685,1
1686,3
1687,1
1688,3
1689,3
1690,3
1691,1
1692,3
1693,0
1694,3
1695,0
1696,3
1697,2
1698,0
1699,2
1700,3
1701,0
1702,0
1703,1
1704,0
1705,1
1706,0
1707,3
1708,3
1709,0
1710,3
1711,1
1712,0
1713,0
1714,1
1715,2
1716,3
1717,1
1718,1
1719,0
1720,1
1721,0
1722,2
1723,1
1724,0
1725,1
1726,3
1727,1
1728,2
1729,1
1730,3
1731,3
1732,0
1733,3
1734,1
1735,2
1736,3
1737,3
1738,3
1739,3
1740,1
1741,3
1742,3
1743,0
1744,3
1745,0
1746,3
1747,0
1748,0
1749,0
1750,3
1751,0
1752,3
1753,3
1754,1
1755,1
1756,3
1757,0
1758,0
1759,3
1760,3
1761,3
1762,3
1763,1
1764,3
1765,1
1766,0
1767,1
1768,0
1769,1
1770,0
1771,1
1772,0
1773,3
1774,3
1775,2
1776,3
1777,3
1778,3
1779,0
1780,0
1781,3
1782,1
1783,1
1784,1
1785,3
1786,3
1787,1
1788,0
1789,2
1790,0
1791,1
1792,3
1793,3
1794,0
1795,1
1796,1
1797,0
1798,0
1799,0
1800,3
1801,2
1802,3
1803,3
1804,1
1805,0
1806,1
1807,3
1808,0
1809,1
1810,2
1811,1
1812,3
1813,0
1814,0
1815,3
1816,0
1817,1
1818,1
1819,0
1820,0
1821,1
1822,0
1823,3
1824,0
1825,0
1826,1
1827,0
1828,3
1829,3
1830,0
1831,0
1832,0
1833,0
1834,0
1835,0
1836,3
1837,2
1838,0
1839,3
1840,3
1841,3
1842,1
1843,1
1844,0
1845,1
1846,1
1847,0
1848,1
1849,3
1850,0
1851,0
1852,1
1853,2
1854,1
1855,0
1856,2
1857,0
1858,2
1859,3
1860,3
1861,0
1862,1
1863,0
1864,0
1865,0
1866,1
1867,0
1868,3
1869,0
1870,1
1871,0
1872,0
1873,1
1874,0
1875,1
1876,0
1877,1
1878,3
1879,3
1880,1
1881,1
1882,3
1883,0
1884,3
1885,0
1886,0
1887,0
1888,1
1889,0
1890,0
1891,0
1892,0
1893,3
1894,2
1895,0
1896,3
1897,1
1898,0
1899,1
1900,0
1901,2
1902,3
1903,0
1904,1
1905,0
1906,0
1907,2
1908,0
1909,1
1910,1
1911,0
1912,0
1913,3
1914,2
1915,0
1916,1
1917,3
1918,2
1919,3
1920,3
1921,1
1922,0
1923,1
1924,0
1925,0
1926,1
1927,1
1928,1
1929,3
1930,2
1931,1
1932,3
1933,3
1934,2
1935,3
1936,3
1937,3
1938,3
1939,0
1940,1
1941,2
1942,2
1943,3
1944,1
1945,3
1946,0
1947,3
1948,3
1949,0
1950,3
1951,0
1952,3
1953,0
1954,0
1955,3
1956,3
1957,1
1958,2
1959,0
1960,2
1961,3
1962,0
1963,3
1964,0
1965,3
1966,1
1967,0
1968,3
1969,1
1970,3
1971,3
1972,1
1973,3
1974,1
1975,3
1976,3
1977,3
1978,3
1979,0
1980,3
1981,3
1982,3
1983,3
1984,3
1985,1
1986,1
1987,0
1988,1
1989,3
1990,1
1991,1
1992,3
1993,0
1994,3
1995,3
1996,1
1997,2
1998,1
1999,1
2000,1
2001,3
2002,2
2003,3
2004,3
2005,3
2006,3
2007,0
2008,1
2009,3
2010,1
2011,3
2012,3
2013,1
2014,1
2015,0
2016,1
2017,0
2018,0
2019,0
2020,1
2021,1
2022,1
2023,1
2024,0
2025,2
2026,1
2027,0
2028,3
2029,0
2030,0
2031,0
2032,2
2033,0
2034,1
2035,0
2036,3
2037,2
2038,1
2039,2
2040,3
2041,3
2042,0
2043,0
2044,1
2045,3
2046,3
2047,3
2048,0
2049,3
2050,3
2051,0
2052,3
2053,1
2054,1
2055,3
2056,0
2057,1
2058,1
2059,1
2060,0
2061,0
2062,3
2063,3
2064,2
2065,2
2066,3
2067,0
2068,1
2069,1
2070,2
2071,3
2072,3
2073,0
2074,0
2075,3
2076,0
2077,1
2078,1
2079,0
2080,1
2081,2
2082,1
2083,0
2084,0
2085,2
2086,0
2087,3
2088,0
2089,0
2090,1
2091,0
2092,3
2093,3
2094,3
2095,0
2096,3
2097,3
2098,3
2099,3
2100,3
2101,3
2102,1
2103,1
2104,0
2105,3
2106,1
2107,0
2108,3
2109,3
2110,1
2111,2
2112,0
2113,2
2114,3
2115,2
2116,3
2117,3
2118,3
2119,0
2120,0
2121,1
2122,1
2123,3
2124,0
2125,0
2126,2
2127,2
2128,3
2129,3
2130,1
2131,1
2132,0
2133,0
2134,3
2135,0
2136,1
2137,1
2138,1
2139,0
2140,0
2141,3
2142,0
2143,0
2144,3
2145,0
2146,3
2147,0
2148,3
2149,1
2150,2
2151,3
2152,1
2153,3
2154,3
2155,3
2156,0
2157,2
2158,2
2159,3
2160,1
2161,0
2162,3
2163,3
2164,3
2165,3
2166,3
2167,3
2168,0
2169,2
2170,0
2171,1
2172,0
2173,0
2174,1
2175,0
2176,1
2177,1
2178,3
2179,3
2180,2
2181,1
2182,0
2183,2
2184,1
2185,0
2186,3
2187,3
2188,1
2189,3
2190,3
2191,3
2192,0
2193,1
2194,0
2195,1
2196,0
2197,1
2198,1
2199,0
2200,0
2201,3
2202,2
2203,3
2204,0
2205,1
2206,3
2207,3
2208,1
2209,3
2210,1
2211,1
2212,3
2213,1
2214,1
2215,3
2216,1
2217,3
2218,0
2219,0
2220,3
2221,0
2222,2
2223,3
2224,3
2225,1
2226,0
2227,3
2228,3
2229,3
2230,0
2231,0
2232,1
2233,1
2234,0
2235,1
2236,3
2237,1
2238,2
2239,0
2240,0
2241,3
2242,2
2243,3
2244,0
2245,2
2246,0
2247,0
2248,3
2249,3
2250,3
2251,0
2252,0
2253,3
2254,3
2255,3
2256,3
2257,3
2258,0
2259,0
2260,0
2261,3
2262,0
2263,1
2264,3
2265,0
2266,3
2267,3
2268,0
2269,3
2270,0
2271,1
2272,3
2273,3
2274,3
2275,0
2276,1
2277,1
2278,0
2279,1
2280,2
2281,1
2282,1
2283,1
2284,3
2285,0
2286,3
2287,0
2288,3
2289,0
2290,1
2291,0
2292,1
2293,3
2294,0
2295,3
2296,1
2297,1
2298,3
2299,2
2300,0
2301,0
2302,3
2303,0
2304,1
2305,3
2306,3
2307,2
2308,0
2309,3
2310,0
2311,0
2312,3
2313,1
2314,3
2315,1
2316,3
2317,3
2318,3
2319,0
2320,1
2321,1
2322,0
2323,0
2324,0
2325,3
2326,3
2327,0
2328,0
2329,3
2330,3
2331,1
2332,2
2333,0
2334,0
2335,1
2336,3
2337,1
2338,2
2339,0
2340,3
2341,0
2342,3
2343,0
2344,1
2345,3
2346,0
2347,0
2348,0
2349,1
2350,0
2351,3
2352,2
2353,0
2354,3
2355,3
2356,1
2357,1
2358,3
2359,0
2360,3
2361,3
2362,1
2363,1
2364,0
2365,3
2366,0
2367,3
2368,3
2369,0
2370,0
2371,3
2372,3
2373,0
2374,3
2375,3
2376,0
2377,1
2378,3
2379,3
2380,0
2381,3
2382,3
2383,3
2384,1
2385,0
2386,1
2387,3
2388,2
2389,3
2390,0
2391,1
2392,3
2393,1
2394,0
2395,0
2396,1
2397,0
2398,1
2399,3
2400,1
2401,1
2402,2
2403,0
2404,3
2405,3
2406,3
2407,3
2408,0
2409,3
2410,1
2411,1
2412,1
2413,1
2414,1
2415,2
2416,3
2417,3
2418,1
2419,3
2420,2
2421,1
2422,1
2423,1
2424,1
2425,3
2426,2
2427,1
2428,3
2429,1
2430,1
2431,1
2432,3
2433,0
2434,0
2435,1
2436,2
2437,3
2438,0
2439,1
2440,1
2441,0
2442,0
2443,3
2444,0
2445,0
2446,1
2447,0
2448,3
2449,0
2450,1
2451,1
2452,0
2453,3
2454,0
2455,0
2456,3
2457,3
2458,1
2459,2
2460,0
2461,0
2462,3
2463,3
2464,0
2465,1
2466,0
2467,3
2468,3
2469,2
2470,3
2471,3
2472,2
2473,0
2474,3
2475,3
2476,0
2477,3
2478,0
2479,0
2480,1
2481,2
2482,3
2483,3
2484,0
2485,1
2486,0
2487,3
2488,0
2489,3
2490,0
2491,1
2492,0
2493,1
2494,0
2495,0
2496,3
2497,1
2498,1
2499,0
2500,0
2501,0
2502,3
2503,0
2504,2
2505,0
2506,1
2507,3
2508,0
2509,3
2510,3
2511,2
2512,0
2513,1
2514,3
2515,3
2516,3
2517,2
2518,1
2519,0
2520,3
2521,1
2522,1
2523,1
2524,0
2525,1
2526,3
2527,3
2528,1
2529,3
2530,0
2531,1
2532,0
2533,1
2534,3
2535,3
2536,2
2537,2
2538,1
2539,3
2540,0
2541,0
2542,3
2543,1
2544,1
2545,3
2546,3
2547,3
2548,0
2549,1
2550,3
2551,1
2552,3
2553,2
2554,2
2555,2
2556,3
2557,1
2558,0
2559,2
2560,1
2561,0
2562,3
2563,1
2564,3
2565,3
2566,0
2567,3
2568,2
2569,0
2570,0
2571,1
2572,3
2573,2
2574,0
2575,2
2576,3
2577,1
2578,3
2579,0
2580,0
2581,0
2582,0
2583,3
2584,1
2585,2
2586,3
2587,3
2588,3
2589,3
2590,2
2591,0
2592,1
2593,1
2594,1
2595,3
2596,3
2597,3
2598,1
2599,0
2600,3
2601,2
2602,1
2603,3
2604,0
2605,0
2606,3
2607,3
2608,0
2609,2
2610,2
2611,1
2612,3
2613,3
2614,3
2615,2
2616,0
2617,3
2618,1
2619,3
2620,3
2621,1
2622,1
2623,3
2624,0
2625,0
2626,2
2627,1
2628,0
2629,0
2630,2
2631,0
2632,1
2633,3
2634,0
2635,3
2636,3
2637,0
2638,0
2639,1
2640,0
2641,3
2642,3
2643,3
2644,3
2645,2
2646,0
2647,1
2648,3
2649,1
2650,2
2651,0
2652,3
2653,1
2654,1
2655,0
2656,0
2657,3
2658,0
2659,0
2660,1
2661,0
2662,1
2663,3
2664,3
2665,0
2666,0
2667,0
2668,1
2669,3
2670,0
2671,0
2672,3
2673,1
2674,2
2675,3
2676,2
2677,0
2678,2
2679,0
2680,3
2681,3
2682,0
2683,3
2684,3
2685,0
2686,3
2687,3
2688,1
2689,0
2690,3
2691,3
2692,0
2693,3
2694,3
2695,3
2696,3
2697,1
2698,0
2699,3
2700,1
2701,2
2702,1
2703,0
2704,1
2705,0
2706,3
2707,0
2708,1
2709,0
2710,0
2711,0
2712,1
2713,0
2714,3
2715,0
2716,3
2717,3
2718,3
2719,3
2720,3
2721,3
2722,3
2723,3
2724,0
2725,1
2726,0
2727,3
2728,3
2729,1
2730,1
2731,2
2732,3
2733,1
2734,3
2735,2
2736,3
2737,3
2738,1
2739,1
2740,0
2741,3
2742,3
2743,2
2744,1
2745,3
2746,3
2747,3
2748,3
2749,3
2750,2
2751,1
2752,0
2753,1
2754,3
2755,0
2756,3
2757,3
2758,3
2759,1
2760,0
2761,3
2762,0
2763,0
2764,0
2765,0
2766,0
2767,1
2768,0
2769,3
2770,2
2771,3
2772,1
2773,3
2774,3
2775,3
2776,0
2777,1
2778,0
2779,0
2780,3
2781,0
2782,0
2783,0
2784,1
2785,2
2786,0
2787,2
2788,2
2789,2
2790,0
2791,1
2792,0
2793,1
2794,3
2795,1
2796,3
2797,2
2798,3
2799,0
2800,3
2801,0
2802,0
2803,2
2804,3
2805,0
2806,0
2807,3
2808,3
2809,0
2810,1
2811,3
2812,3
2813,3
2814,0
2815,2
2816,0
2817,3
2818,0
2819,3
2820,0
2821,1
2822,0
2823,3
2824,0
2825,1
2826,0
2827,1
2828,1
2829,2
2830,2
2831,0
2832,3
2833,2
2834,3
2835,2
2836,1
2837,0
2838,3
2839,0
2840,3
2841,3
2842,3
2843,3
2844,2
2845,1
2846,1
2847,3
2848,3
2849,3
2850,3
2851,0
2852,1
2853,1
2854,2
2855,0
2856,1
2857,0
2858,3
2859,1
2860,0
2861,1
2862,3
2863,0
2864,3
2865,3
2866,3
2867,3
2868,1
2869,1
2870,1
2871,0
2872,1
2873,3
2874,1
2875,2
2876,0
2877,3
2878,1
2879,1
2880,0
2881,3
2882,3
2883,0
2884,0
2885,0
2886,0
2887,0
2888,0
2889,3
2890,3
2891,1
2892,2
2893,3
2894,1
2895,3
2896,1
2897,3
2898,1
2899,2
2900,3
2901,0
2902,1
2903,3
2904,3
2905,0
2906,0
2907,1
2908,3
2909,0
2910,1
2911,0
2912,3
2913,2
2914,0
2915,3
2916,0
2917,0
2918,3
2919,2
2920,1
2921,0
2922,0
2923,3
2924,0
2925,1
2926,1
2927,0
2928,0
2929,1
2930,0
2931,1
2932,0
2933,0
2934,0
2935,3
2936,3
2937,0
2938,1
2939,3
2940,3
2941,0
2942,0
2943,1
2944,0
2945,0
2946,1
2947,0
2948,1
2949,3
2950,3
2951,0
2952,1
2953,0
2954,0
2955,3
2956,2
2957,0
2958,0
2959,1
2960,2
2961,0
2962,1
2963,1
2964,1
2965,3
2966,3
2967,1
2968,0
2969,0
2970,3
2971,3
2972,0
2973,0
2974,1
2975,3
2976,0
2977,0
2978,1
2979,1
2980,2
2981,0
2982,0
2983,2
2984,1
2985,0
2986,0
2987,0
2988,3
2989,0
2990,0
2991,1
2992,0
2993,3
2994,3
2995,1
2996,1
2997,2
2998,3
2999,0
3000,0
3001,1
3002,3
3003,0
3004,0
3005,0
3006,3
3007,0
3008,0
3009,3
3010,0
3011,3
3012,3
3013,3
3014,3
3015,3
3016,2
3017,3
3018,0
3019,2
3020,0
3021,0
3022,3
3023,3
3024,0
3025,1
3026,1
3027,1
3028,1
3029,0
3030,0
3031,1
3032,3
3033,0
3034,0
3035,0
3036,1
3037,1
3038,0
3039,3
3040,3
3041,1
3042,0
3043,0
3044,0
3045,3
3046,1
3047,3
3048,1
3049,3
3050,3
3051,0
3052,0
3053,2
3054,0
3055,1
3056,0
3057,1
3058,0
3059,0
3060,3
3061,3
3062,3
3063,0
3064,1
3065,2
3066,3
3067,0
3068,2
3069,3
3070,0
3071,1
3072,2
3073,0
3074,3
3075,0
3076,0
3077,0
3078,0
3079,0
3080,1
3081,3
3082,2
3083,1
3084,1
3085,0
3086,0
3087,0
3088,3
3089,1
3090,1
3091,1
3092,3
3093,1
3094,0
3095,0
3096,3
3097,1
3098,0
3099,0
3100,1
3101,3
3102,0
3103,3
3104,3
3105,3
3106,0
3107,0
3108,0
3109,3
3110,3
3111,1
3112,2
3113,2
3114,1
3115,0
3116,0
3117,3
3118,3
3119,1
3120,0
3121,3
3122,0
3123,1
3124,1
3125,1
3126,3
3127,1
3128,0
3129,3
3130,3
3131,0
3132,2
3133,0
3134,1
3135,0
3136,3
3137,1
3138,0
3139,0
3140,1
3141,1
3142,1
3143,0
3144,3
3145,1
3146,3
3147,0
3148,3
3149,2
3150,0
3151,0
3152,0
3153,3
3154,0
3155,3
3156,1
3157,2
3158,0
3159,3
3160,3
3161,3
3162,0
3163,3
3164,1
3165,0
3166,1
3167,3
3168,3
3169,3
3170,0
3171,3
3172,1
3173,3
3174,0
3175,1
3176,3
3177,1
3178,3
3179,0
3180,3
3181,0
3182,3
3183,3
3184,3
3185,0
3186,3
3187,0
3188,1
3189,1
3190,0
3191,0
3192,0
3193,2
3194,3
3195,3
3196,0
3197,1
3198,0
3199,0
3200,0
3201,0
3202,3
3203,3
3204,2
3205,3
3206,0
3207,3
3208,2
3209,3
3210,1
3211,3
3212,0
3213,3
3214,2
3215,0
3216,3
3217,1
3218,0
3219,3
3220,3
3221,0
3222,2
3223,1
3224,3
3225,1
3226,0
3227,0
3228,0
3229,0
3230,0
3231,1
3232,0
3233,1
3234,3
3235,1
3236,3
3237,0
3238,3
3239,3
3240,1
3241,3
3242,3
3243,0
3244,3
3245,1
3246,0
3247,2
3248,3
3249,0
3250,0
3251,3
3252,3
3253,2
3254,1
3255,0
3256,0
3257,1
3258,3
3259,2
3260,3
3261,3
3262,0
3263,0
3264,1
3265,3
3266,0
3267,1
3268,3
3269,2
3270,1
3271,3
3272,1
3273,0
3274,0
3275,3
3276,0
3277,0
3278,0
3279,0
3280,3
3281,1
3282,1
3283,1
3284,1
3285,3
3286,0
3287,3
3288,3
3289,0
3290,0
3291,3
3292,1
3293,0
3294,0
3295,0
3296,1
3297,1
3298,1
3299,3
3300,3
3301,3
3302,1
3303,1
3304,1
3305,3
3306,1
3307,3
3308,0
3309,1
3310,1
3311,1
3312,3
3313,3
3314,2
3315,0
3316,3
3317,0
3318,0
3319,3
3320,3
3321,2
3322,3
3323,3
3324,2
3325,1
3326,2
3327,0
3328,2
3329,1
3330,1
3331,2
3332,1
3333,3
3334,1
3335,1
3336,3
3337,1
3338,0
3339,1
3340,1
3341,1
3342,3
3343,2
3344,3
3345,2
3346,0
3347,3
3348,0
3349,0
3350,1
3351,1
3352,3
3353,0
3354,3
3355,3
3356,3
3357,0
3358,1
3359,3
3360,3
3361,3
3362,1
3363,0
3364,2
3365,0
3366,3
3367,0
3368,3
3369,1
3370,0
3371,3
3372,3
3373,1
3374,1
3375,0
3376,0
3377,3
3378,1
3379,3
3380,3
3381,1
3382,1
3383,1
3384,1
3385,1
3386,0
3387,1
3388,0
3389,1
3390,0
3391,0
3392,3
3393,2
3394,2
3395,3
3396,2
3397,3
3398,2
3399,2
3400,1
3401,2
3402,1
3403,0
3404,1
3405,0
3406,3
3407,3
3408,3
3409,1
3410,3
3411,3
3412,3
3413,2
3414,3
3415,0
3416,1
3417,3
3418,0
3419,3
3420,3
3421,3
3422,0
3423,1
3424,0
3425,3
3426,3
3427,1
3428,3
3429,0
3430,3
3431,3
3432,1
3433,1
3434,2
3435,3
3436,1
3437,3
3438,3
3439,3
3440,3
3441,1
3442,1
3443,3
3444,3
3445,3
3446,3
3447,3
3448,0
3449,3
3450,0
3451,1
3452,2
3453,3
3454,3
3455,1
3456,3
3457,1
3458,1
3459,0
3460,0
3461,2
3462,0
3463,3
3464,3
3465,3
3466,0
3467,1
3468,2
3469,1
3470,3
3471,2
3472,3
3473,2
3474,2
3475,3
3476,0
3477,0
3478,0
3479,0
3480,3
3481,3
3482,0
3483,0
3484,3
3485,0
3486,0
3487,3
3488,0
3489,0
3490,1
3491,0
3492,0
3493,1
3494,1
3495,1
3496,3
3497,3
3498,0
3499,0
3500,1
3501,3
3502,3
3503,3
3504,3
3505,0
3506,3
3507,0
3508,2
3509,0
3510,3
3511,3
3512,0
3513,0
3514,1
3515,0
3516,3
3517,1
3518,3
3519,0
3520,2
3521,3
3522,1
3523,3
3524,3
3525,3
3526,2
3527,1
3528,1
3529,3
3530,1
3531,0
3532,3
3533,0
3534,1
3535,3
3536,1
3537,0
3538,1
3539,0
3540,1
3541,0
3542,0
3543,0
3544,3
3545,0
3546,3
3547,3
3548,3
3549,0
3550,0
3551,3
3552,1
3553,2
3554,1
3555,3
3556,3
3557,1
3558,1
3559,1
3560,0
3561,3
3562,1
3563,0
3564,1
3565,1
3566,1
3567,1
3568,3
3569,1
3570,1
3571,0
3572,0
3573,1
3574,0
3575,3
3576,3
3577,1
3578,2
3579,2
3580,0
3581,3
3582,2
3583,3
3584,2
3585,3
3586,1
3587,3
3588,1
3589,3
3590,3
3591,3
3592,2
3593,3
3594,2
3595,0
3596,3
3597,1
3598,1
3599,3
3600,0
3601,0
3602,3
3603,1
3604,1
3605,3
3606,1
3607,3
3608,3
3609,3
3610,0
3611,3
3612,3
3613,3
3614,3
3615,0
3616,3
3617,1
3618,1
3619,3
3620,0
3621,3
3622,1
3623,0
3624,0
3625,3
3626,1
3627,1
3628,3
3629,0
3630,0
3631,0
3632,1
3633,2
3634,0
3635,3
3636,2
3637,0
3638,1
3639,0
3640,3
3641,0
3642,3
3643,2
3644,3
3645,0
3646,0
3647,0
3648,2
3649,0
3650,3
3651,3
3652,3
3653,0
3654,1
3655,2
3656,3
3657,1
3658,0
3659,2
3660,0
3661,1
3662,3
3663,1
3664,0
3665,3
3666,2
3667,3
3668,3
3669,3
3670,3
3671,3
3672,3
3673,1
3674,1
3675,0
3676,1
3677,3
3678,3
3679,0
3680,3
3681,0
3682,1
3683,3
3684,1
3685,3
3686,0
3687,0
3688,0
3689,0
3690,0
3691,3
3692,3
3693,3
3694,3
3695,1
3696,3
3697,0
3698,1
3699,3
3700,3
3701,3
3702,3
3703,3
3704,1
3705,0
3706,3
3707,3
3708,3
3709,1
3710,3
3711,1
3712,0
3713,3
3714,2
3715,1
3716,0
3717,0
3718,0
3719,2
3720,1
3721,3
3722,1
3723,3
3724,1
3725,1
3726,0
3727,0
3728,2
3729,0
3730,0
3731,0
3732,0
3733,1
3734,3
3735,1
3736,0
3737,0
3738,0
3739,3
3740,0
3741,3
3742,0
3743,3
3744,0
3745,1
3746,2
3747,3
3748,2
3749,0
3750,0
3751,1
3752,2
3753,1
3754,0
3755,1
3756,0
3757,0
3758,3
3759,0
3760,2
3761,1
3762,0
3763,1
3764,0
3765,0
3766,3
3767,0
3768,3
3769,2
3770,3
3771,3
3772,0
3773,0
3774,1
3775,3
3776,3
3777,3
3778,3
3779,0
3780,0
3781,3
3782,3
3783,0
3784,0
3785,3
3786,0
3787,1
3788,3
3789,0
3790,3
3791,0
3792,1
3793,3
3794,0
3795,3
3796,3
3797,3
3798,3
3799,2
3800,1
3801,1
3802,2
3803,3
3804,2
3805,3
3806,1
3807,0
3808,1
3809,1
3810,1
3811,1
3812,3
3813,3
3814,1
3815,2
3816,1
3817,0
3818,3
3819,1
3820,0
3821,0
3822,3
3823,2
3824,3
3825,0
3826,0
3827,0
3828,3
3829,3
3830,0
3831,1
3832,0
3833,3
3834,3
3835,0
3836,3
3837,1
3838,3
3839,1
3840,0
3841,1
3842,3
3843,3
3844,2
3845,3
3846,1
3847,3
3848,1
3849,1
3850,3
3851,0
3852,3
3853,3
3854,1
3855,3
3856,0
3857,0
3858,0
3859,1
3860,1
3861,3
3862,0
3863,0
3864,1
3865,3
3866,0
3867,1
3868,3
3869,3
3870,1
3871,0
3872,1
3873,0
3874,3
3875,3
3876,2
3877,0
3878,0
3879,3
3880,1
3881,0
3882,1
3883,1
3884,1
3885,3
3886,0
3887,3
3888,0
3889,1
3890,3
3891,1
3892,1
3893,0
3894,0
3895,0
3896,3
3897,0
3898,0
3899,1
3900,0
3901,3
3902,2
3903,3
3904,3
3905,0
3906,0
3907,0
3908,2
3909,3
3910,0
3911,0
3912,0
3913,0
3914,0
3915,1
3916,0
3917,0
3918,3
3919,3
3920,1
3921,0
3922,3
3923,3
3924,1
3925,0
3926,1
3927,0
3928,0
3929,0
3930,0
3931,3
3932,3
3933,0
3934,1
3935,2
3936,3
3937,2
3938,3
3939,0
3940,0
3941,3
3942,3
3943,3
3944,3
3945,1
3946,3
3947,0
3948,3
3949,3
3950,0
3951,3
3952,3
3953,0
3954,0
3955,0
3956,0
3957,3
3958,1
3959,0
3960,1
3961,0
3962,3
3963,1
3964,1
3965,3
3966,0
3967,1
3968,3
3969,0
3970,3
3971,3
3972,0
3973,0
3974,3
3975,3
3976,1
3977,0
3978,0
3979,0
3980,3
3981,1
3982,3
3983,3
3984,0
3985,2
3986,1
3987,3
3988,3
3989,1
3990,0
3991,3
3992,2
3993,0
3994,0
3995,2
3996,0
3997,3
3998,3
3999,1
4000,3
4001,1




================================ 0.859 =======================================

import pickle
from os import listdir, path
import load_data as ld
from load_data import Tokenizer
import rf_classify as rf 
import sys

KAGGLE_DATA_PATH = '../data/kaggle'

(X, vectorizer) = pickle.load(open('pure_counts_df10.pkl'))

words = vectorizer.get_feature_names()
#remove numerals and lemmatize all parts of speech
X, words = ld.remove_numerals(X, words)
X = ld.lemmatize_design_matrix(X, words)[0]
y = ld.get_labels(ld.document_paths('train'))

def train_kaggle_model():
	model = rf.Classifier(X, y, max_features = 170, n_estimators = 1100)
	model.train()
	pickle.dump(model, open('kaggle_model.pkl', 'w+'))

def classify_kaggle_documents():
	model = pickle.load(open('kaggle_model.pkl'))

	num_kaggle_files = len(listdir(KAGGLE_DATA_PATH)) - path.exists(KAGGLE_DATA_PATH + '.DS_STORE')
	kaggle_files = ['{0}/{1}.txt'.format(KAGGLE_DATA_PATH, i) for i in range(num_kaggle_files)]
	kaggle_count_matrix = vectorizer.transform(kaggle_files).toarray()
	kaggle_count_matrix_lemmatized, words = ld.lemmatize_design_matrix(kaggle_count_matrix, vectorizer.get_feature_names())
	kaggle_count_matrix_lemmatized = ld.remove_numerals(kaggle_count_matrix_lemmatized, words)[0]

	predicted_labels = model.predict(kaggle_count_matrix_lemmatized)

	print 'id,category'
	for i in range(len(predicted_labels)):
		print '{0},{1}'.format(i, predicted_labels[i])

if __name__ == '__main__':
	if sys.argv[1] == 'train':
		train_kaggle_model()
	if sys.argv[1] == 'classify':
		classify_kaggle_documents()


id,category
0,0
1,3
2,3
3,0
4,3
5,1
6,0
7,3
8,3
9,2
10,3
11,3
12,0
13,0
14,2
15,0
16,1
17,1
18,0
19,0
20,1
21,3
22,0
23,3
24,2
25,1
26,3
27,3
28,3
29,1
30,0
31,0
32,0
33,1
34,1
35,2
36,0
37,3
38,1
39,3
40,1
41,0
42,0
43,0
44,3
45,0
46,1
47,3
48,3
49,3
50,2
51,1
52,3
53,3
54,1
55,1
56,1
57,1
58,1
59,0
60,3
61,0
62,0
63,2
64,3
65,0
66,1
67,0
68,1
69,3
70,0
71,0
72,0
73,0
74,3
75,3
76,2
77,1
78,0
79,3
80,0
81,0
82,0
83,0
84,1
85,0
86,3
87,0
88,0
89,3
90,3
91,3
92,3
93,1
94,1
95,3
96,1
97,3
98,1
99,0
100,3
101,1
102,0
103,1
104,1
105,1
106,3
107,3
108,3
109,3
110,2
111,0
112,3
113,3
114,1
115,0
116,3
117,3
118,3
119,0
120,0
121,1
122,3
123,1
124,1
125,1
126,1
127,1
128,1
129,0
130,3
131,0
132,0
133,0
134,1
135,0
136,3
137,2
138,0
139,0
140,0
141,0
142,0
143,0
144,1
145,3
146,0
147,0
148,3
149,3
150,3
151,0
152,0
153,3
154,3
155,3
156,3
157,2
158,3
159,2
160,3
161,0
162,0
163,0
164,3
165,2
166,3
167,1
168,1
169,1
170,3
171,3
172,3
173,0
174,0
175,0
176,2
177,3
178,3
179,3
180,3
181,0
182,1
183,3
184,2
185,0
186,3
187,1
188,0
189,2
190,0
191,3
192,0
193,0
194,0
195,0
196,3
197,0
198,3
199,3
200,1
201,1
202,3
203,3
204,3
205,0
206,1
207,0
208,3
209,3
210,0
211,3
212,0
213,0
214,0
215,3
216,3
217,3
218,3
219,3
220,0
221,0
222,0
223,0
224,0
225,3
226,3
227,0
228,0
229,0
230,3
231,0
232,0
233,3
234,1
235,1
236,2
237,2
238,2
239,0
240,3
241,1
242,0
243,1
244,0
245,2
246,0
247,0
248,3
249,3
250,3
251,1
252,0
253,0
254,0
255,1
256,3
257,0
258,2
259,0
260,2
261,1
262,2
263,3
264,1
265,3
266,3
267,0
268,3
269,2
270,1
271,3
272,1
273,2
274,0
275,1
276,1
277,0
278,0
279,1
280,3
281,1
282,3
283,3
284,3
285,1
286,1
287,1
288,3
289,0
290,1
291,0
292,3
293,0
294,0
295,1
296,1
297,0
298,2
299,0
300,1
301,0
302,3
303,1
304,0
305,2
306,3
307,0
308,2
309,1
310,1
311,3
312,3
313,3
314,0
315,0
316,0
317,2
318,0
319,3
320,0
321,2
322,0
323,1
324,0
325,3
326,3
327,3
328,1
329,2
330,1
331,3
332,1
333,1
334,0
335,0
336,1
337,2
338,3
339,3
340,3
341,1
342,3
343,3
344,3
345,1
346,3
347,0
348,0
349,2
350,2
351,0
352,3
353,3
354,0
355,1
356,0
357,0
358,3
359,3
360,0
361,3
362,1
363,0
364,0
365,2
366,3
367,0
368,3
369,2
370,3
371,1
372,1
373,0
374,0
375,0
376,3
377,3
378,1
379,0
380,0
381,3
382,0
383,0
384,0
385,3
386,2
387,1
388,3
389,3
390,0
391,3
392,3
393,0
394,3
395,1
396,3
397,0
398,3
399,1
400,3
401,0
402,0
403,1
404,1
405,3
406,1
407,0
408,0
409,1
410,3
411,3
412,0
413,3
414,3
415,0
416,3
417,0
418,0
419,2
420,1
421,0
422,3
423,0
424,2
425,0
426,2
427,3
428,1
429,2
430,3
431,3
432,1
433,3
434,0
435,0
436,1
437,0
438,0
439,0
440,1
441,3
442,0
443,2
444,1
445,1
446,1
447,0
448,1
449,3
450,0
451,1
452,0
453,1
454,3
455,3
456,0
457,3
458,3
459,3
460,1
461,1
462,2
463,1
464,3
465,3
466,1
467,2
468,3
469,3
470,3
471,0
472,3
473,0
474,0
475,1
476,0
477,1
478,3
479,1
480,3
481,0
482,3
483,3
484,3
485,0
486,3
487,0
488,3
489,0
490,1
491,3
492,0
493,0
494,1
495,3
496,2
497,3
498,1
499,3
500,3
501,1
502,0
503,0
504,3
505,3
506,2
507,3
508,3
509,0
510,0
511,0
512,3
513,0
514,0
515,0
516,0
517,3
518,3
519,2
520,0
521,0
522,1
523,2
524,3
525,0
526,3
527,1
528,0
529,3
530,0
531,1
532,3
533,3
534,0
535,2
536,0
537,0
538,1
539,1
540,2
541,1
542,2
543,1
544,3
545,0
546,0
547,3
548,3
549,1
550,3
551,3
552,0
553,0
554,3
555,2
556,1
557,3
558,3
559,0
560,3
561,3
562,1
563,1
564,3
565,0
566,1
567,3
568,0
569,3
570,1
571,0
572,1
573,0
574,1
575,0
576,0
577,3
578,3
579,3
580,3
581,3
582,3
583,2
584,3
585,3
586,0
587,3
588,0
589,3
590,3
591,1
592,0
593,1
594,0
595,0
596,3
597,3
598,3
599,3
600,0
601,1
602,2
603,3
604,1
605,1
606,0
607,0
608,3
609,3
610,0
611,3
612,3
613,1
614,3
615,3
616,1
617,3
618,1
619,3
620,3
621,1
622,1
623,0
624,0
625,1
626,0
627,1
628,3
629,3
630,3
631,1
632,3
633,1
634,3
635,0
636,0
637,0
638,2
639,0
640,1
641,3
642,3
643,2
644,0
645,3
646,3
647,3
648,0
649,0
650,0
651,0
652,3
653,3
654,3
655,0
656,1
657,3
658,1
659,3
660,3
661,2
662,0
663,0
664,1
665,3
666,1
667,3
668,3
669,3
670,0
671,1
672,1
673,3
674,1
675,1
676,0
677,3
678,3
679,3
680,0
681,0
682,1
683,3
684,2
685,3
686,0
687,1
688,2
689,0
690,1
691,3
692,3
693,1
694,0
695,3
696,1
697,0
698,3
699,0
700,0
701,1
702,3
703,0
704,0
705,0
706,1
707,1
708,0
709,3
710,3
711,0
712,0
713,3
714,3
715,0
716,3
717,2
718,1
719,3
720,1
721,1
722,1
723,1
724,0
725,1
726,3
727,3
728,1
729,2
730,3
731,0
732,1
733,3
734,3
735,1
736,3
737,2
738,3
739,0
740,1
741,1
742,1
743,3
744,2
745,3
746,0
747,1
748,3
749,1
750,3
751,0
752,3
753,3
754,1
755,3
756,3
757,3
758,0
759,2
760,1
761,0
762,3
763,0
764,0
765,3
766,0
767,0
768,0
769,2
770,0
771,1
772,1
773,1
774,3
775,3
776,0
777,0
778,0
779,2
780,3
781,0
782,0
783,2
784,0
785,3
786,3
787,0
788,1
789,0
790,0
791,0
792,2
793,0
794,3
795,3
796,0
797,0
798,3
799,3
800,3
801,3
802,3
803,0
804,3
805,1
806,3
807,3
808,0
809,0
810,3
811,3
812,3
813,1
814,0
815,3
816,0
817,3
818,0
819,2
820,1
821,0
822,1
823,0
824,0
825,3
826,3
827,2
828,3
829,3
830,3
831,0
832,0
833,1
834,0
835,1
836,1
837,1
838,0
839,3
840,3
841,3
842,1
843,0
844,2
845,0
846,1
847,3
848,1
849,0
850,3
851,0
852,3
853,0
854,1
855,1
856,3
857,0
858,2
859,3
860,1
861,3
862,1
863,3
864,3
865,3
866,0
867,0
868,3
869,2
870,3
871,0
872,1
873,3
874,1
875,2
876,2
877,1
878,1
879,1
880,3
881,0
882,0
883,3
884,0
885,3
886,1
887,3
888,3
889,0
890,3
891,0
892,0
893,3
894,3
895,1
896,3
897,3
898,1
899,3
900,0
901,1
902,1
903,3
904,3
905,1
906,3
907,1
908,3
909,3
910,1
911,0
912,3
913,2
914,0
915,0
916,0
917,1
918,1
919,1
920,2
921,1
922,0
923,2
924,0
925,3
926,3
927,0
928,0
929,3
930,3
931,1
932,0
933,0
934,0
935,2
936,0
937,1
938,1
939,2
940,0
941,3
942,3
943,1
944,1
945,0
946,0
947,1
948,0
949,2
950,3
951,0
952,1
953,2
954,1
955,0
956,3
957,3
958,3
959,1
960,0
961,0
962,0
963,1
964,3
965,3
966,1
967,0
968,0
969,0
970,2
971,2
972,2
973,0
974,0
975,0
976,3
977,3
978,0
979,3
980,2
981,0
982,0
983,0
984,1
985,0
986,1
987,3
988,0
989,1
990,3
991,2
992,2
993,3
994,1
995,3
996,1
997,1
998,3
999,1
1000,0
1001,0
1002,3
1003,1
1004,3
1005,0
1006,0
1007,3
1008,1
1009,3
1010,3
1011,3
1012,3
1013,1
1014,3
1015,0
1016,1
1017,0
1018,0
1019,3
1020,2
1021,1
1022,0
1023,1
1024,1
1025,3
1026,0
1027,1
1028,1
1029,0
1030,0
1031,3
1032,0
1033,3
1034,3
1035,3
1036,0
1037,1
1038,0
1039,0
1040,1
1041,0
1042,1
1043,0
1044,1
1045,3
1046,3
1047,3
1048,3
1049,0
1050,3
1051,3
1052,0
1053,0
1054,0
1055,0
1056,0
1057,1
1058,3
1059,0
1060,0
1061,1
1062,1
1063,1
1064,3
1065,0
1066,3
1067,1
1068,0
1069,0
1070,3
1071,1
1072,0
1073,3
1074,0
1075,0
1076,3
1077,3
1078,3
1079,1
1080,1
1081,1
1082,1
1083,1
1084,3
1085,1
1086,3
1087,1
1088,2
1089,3
1090,3
1091,1
1092,0
1093,3
1094,0
1095,2
1096,0
1097,1
1098,1
1099,3
1100,3
1101,3
1102,2
1103,0
1104,1
1105,0
1106,1
1107,2
1108,1
1109,1
1110,0
1111,1
1112,2
1113,3
1114,3
1115,0
1116,1
1117,1
1118,0
1119,1
1120,3
1121,1
1122,0
1123,3
1124,0
1125,3
1126,0
1127,0
1128,3
1129,3
1130,3
1131,3
1132,3
1133,3
1134,2
1135,0
1136,3
1137,1
1138,3
1139,0
1140,1
1141,0
1142,0
1143,1
1144,3
1145,1
1146,1
1147,3
1148,0
1149,1
1150,2
1151,0
1152,3
1153,0
1154,1
1155,3
1156,1
1157,0
1158,0
1159,0
1160,1
1161,0
1162,0
1163,3
1164,3
1165,1
1166,0
1167,3
1168,1
1169,3
1170,2
1171,0
1172,1
1173,0
1174,3
1175,3
1176,0
1177,3
1178,0
1179,3
1180,3
1181,3
1182,0
1183,3
1184,3
1185,1
1186,3
1187,0
1188,3
1189,2
1190,1
1191,1
1192,3
1193,0
1194,0
1195,3
1196,3
1197,0
1198,0
1199,3
1200,3
1201,3
1202,3
1203,3
1204,1
1205,0
1206,0
1207,0
1208,3
1209,3
1210,2
1211,0
1212,0
1213,0
1214,1
1215,1
1216,3
1217,0
1218,0
1219,3
1220,3
1221,1
1222,1
1223,1
1224,0
1225,3
1226,3
1227,1
1228,0
1229,3
1230,3
1231,0
1232,0
1233,0
1234,3
1235,1
1236,3
1237,0
1238,3
1239,0
1240,2
1241,0
1242,1
1243,3
1244,2
1245,0
1246,2
1247,2
1248,0
1249,1
1250,1
1251,2
1252,0
1253,0
1254,0
1255,1
1256,2
1257,0
1258,1
1259,2
1260,3
1261,0
1262,1
1263,3
1264,3
1265,3
1266,0
1267,0
1268,1
1269,0
1270,1
1271,0
1272,1
1273,3
1274,3
1275,3
1276,0
1277,2
1278,2
1279,1
1280,2
1281,1
1282,1
1283,3
1284,3
1285,0
1286,2
1287,0
1288,3
1289,3
1290,3
1291,0
1292,3
1293,3
1294,0
1295,3
1296,3
1297,1
1298,0
1299,1
1300,1
1301,1
1302,0
1303,1
1304,1
1305,1
1306,3
1307,3
1308,0
1309,0
1310,3
1311,2
1312,1
1313,0
1314,1
1315,3
1316,3
1317,0
1318,0
1319,2
1320,3
1321,0
1322,0
1323,1
1324,0
1325,3
1326,3
1327,0
1328,1
1329,1
1330,1
1331,3
1332,3
1333,0
1334,1
1335,1
1336,2
1337,3
1338,0
1339,1
1340,0
1341,3
1342,3
1343,2
1344,3
1345,1
1346,0
1347,1
1348,3
1349,0
1350,1
1351,0
1352,1
1353,3
1354,0
1355,3
1356,1
1357,3
1358,0
1359,1
1360,0
1361,1
1362,1
1363,3
1364,3
1365,3
1366,0
1367,1
1368,0
1369,0
1370,0
1371,1
1372,3
1373,0
1374,0
1375,1
1376,0
1377,3
1378,1
1379,3
1380,1
1381,1
1382,0
1383,3
1384,3
1385,1
1386,2
1387,0
1388,3
1389,1
1390,1
1391,3
1392,1
1393,1
1394,3
1395,1
1396,3
1397,1
1398,3
1399,3
1400,0
1401,1
1402,1
1403,3
1404,1
1405,3
1406,3
1407,3
1408,3
1409,0
1410,1
1411,1
1412,2
1413,0
1414,3
1415,3
1416,1
1417,3
1418,3
1419,3
1420,3
1421,0
1422,0
1423,1
1424,3
1425,0
1426,0
1427,1
1428,0
1429,2
1430,0
1431,3
1432,1
1433,3
1434,0
1435,0
1436,3
1437,0
1438,1
1439,0
1440,0
1441,0
1442,0
1443,0
1444,0
1445,0
1446,0
1447,0
1448,1
1449,2
1450,3
1451,0
1452,3
1453,3
1454,3
1455,0
1456,0
1457,3
1458,2
1459,1
1460,3
1461,3
1462,3
1463,0
1464,1
1465,1
1466,3
1467,1
1468,3
1469,3
1470,1
1471,1
1472,0
1473,0
1474,3
1475,0
1476,1
1477,3
1478,3
1479,3
1480,1
1481,1
1482,0
1483,3
1484,0
1485,3
1486,3
1487,1
1488,0
1489,3
1490,3
1491,1
1492,3
1493,0
1494,0
1495,3
1496,3
1497,2
1498,3
1499,2
1500,3
1501,0
1502,0
1503,1
1504,2
1505,0
1506,0
1507,3
1508,0
1509,0
1510,1
1511,1
1512,1
1513,3
1514,3
1515,0
1516,0
1517,0
1518,0
1519,3
1520,3
1521,3
1522,3
1523,3
1524,3
1525,3
1526,3
1527,1
1528,2
1529,0
1530,0
1531,3
1532,3
1533,0
1534,1
1535,0
1536,3
1537,0
1538,0
1539,2
1540,0
1541,0
1542,1
1543,3
1544,0
1545,3
1546,3
1547,0
1548,0
1549,3
1550,0
1551,1
1552,3
1553,1
1554,0
1555,0
1556,0
1557,0
1558,3
1559,3
1560,3
1561,1
1562,1
1563,0
1564,0
1565,1
1566,1
1567,3
1568,3
1569,0
1570,1
1571,0
1572,0
1573,3
1574,3
1575,0
1576,1
1577,1
1578,0
1579,0
1580,0
1581,1
1582,1
1583,1
1584,0
1585,3
1586,2
1587,0
1588,3
1589,0
1590,3
1591,1
1592,3
1593,1
1594,2
1595,0
1596,0
1597,1
1598,1
1599,0
1600,1
1601,0
1602,0
1603,1
1604,0
1605,0
1606,1
1607,3
1608,0
1609,0
1610,3
1611,1
1612,1
1613,2
1614,3
1615,1
1616,0
1617,0
1618,0
1619,1
1620,0
1621,3
1622,2
1623,3
1624,3
1625,0
1626,1
1627,1
1628,0
1629,1
1630,0
1631,0
1632,1
1633,3
1634,1
1635,0
1636,2
1637,3
1638,0
1639,0
1640,1
1641,3
1642,3
1643,0
1644,0
1645,0
1646,3
1647,0
1648,2
1649,0
1650,0
1651,3
1652,3
1653,1
1654,3
1655,1
1656,2
1657,0
1658,1
1659,3
1660,0
1661,0
1662,0
1663,0
1664,1
1665,1
1666,1
1667,3
1668,2
1669,0
1670,2
1671,1
1672,1
1673,1
1674,1
1675,3
1676,3
1677,1
1678,1
1679,2
1680,0
1681,3
1682,3
1683,0
1684,3
1685,1
1686,3
1687,1
1688,3
1689,3
1690,3
1691,1
1692,3
1693,0
1694,3
1695,0
1696,3
1697,2
1698,0
1699,2
1700,3
1701,0
1702,0
1703,1
1704,0
1705,1
1706,0
1707,3
1708,3
1709,0
1710,3
1711,1
1712,0
1713,0
1714,1
1715,2
1716,3
1717,1
1718,1
1719,0
1720,1
1721,0
1722,2
1723,1
1724,0
1725,1
1726,3
1727,1
1728,2
1729,1
1730,3
1731,3
1732,0
1733,3
1734,1
1735,2
1736,3
1737,3
1738,3
1739,3
1740,1
1741,3
1742,2
1743,0
1744,3
1745,0
1746,3
1747,0
1748,0
1749,0
1750,3
1751,3
1752,3
1753,3
1754,1
1755,1
1756,3
1757,0
1758,0
1759,3
1760,3
1761,3
1762,3
1763,1
1764,3
1765,1
1766,0
1767,1
1768,0
1769,1
1770,0
1771,1
1772,0
1773,3
1774,3
1775,2
1776,3
1777,3
1778,3
1779,0
1780,0
1781,3
1782,1
1783,1
1784,1
1785,3
1786,3
1787,0
1788,0
1789,2
1790,0
1791,1
1792,3
1793,3
1794,0
1795,1
1796,1
1797,0
1798,0
1799,0
1800,3
1801,2
1802,3
1803,3
1804,1
1805,0
1806,2
1807,3
1808,0
1809,1
1810,2
1811,1
1812,3
1813,0
1814,0
1815,3
1816,0
1817,1
1818,1
1819,0
1820,0
1821,1
1822,0
1823,3
1824,0
1825,0
1826,1
1827,0
1828,3
1829,3
1830,0
1831,0
1832,0
1833,0
1834,0
1835,0
1836,3
1837,2
1838,0
1839,3
1840,3
1841,3
1842,1
1843,1
1844,0
1845,1
1846,1
1847,0
1848,1
1849,3
1850,1
1851,0
1852,1
1853,2
1854,1
1855,0
1856,2
1857,0
1858,2
1859,3
1860,3
1861,0
1862,1
1863,1
1864,1
1865,0
1866,1
1867,0
1868,3
1869,0
1870,1
1871,0
1872,0
1873,1
1874,0
1875,1
1876,0
1877,1
1878,3
1879,3
1880,1
1881,1
1882,3
1883,0
1884,3
1885,0
1886,0
1887,0
1888,1
1889,0
1890,0
1891,0
1892,0
1893,3
1894,2
1895,0
1896,3
1897,2
1898,0
1899,1
1900,0
1901,2
1902,3
1903,0
1904,1
1905,0
1906,0
1907,2
1908,0
1909,1
1910,1
1911,0
1912,0
1913,3
1914,2
1915,0
1916,1
1917,3
1918,2
1919,3
1920,0
1921,1
1922,0
1923,1
1924,0
1925,0
1926,1
1927,2
1928,1
1929,3
1930,2
1931,1
1932,3
1933,3
1934,2
1935,3
1936,3
1937,3
1938,3
1939,0
1940,1
1941,2
1942,2
1943,3
1944,1
1945,3
1946,0
1947,3
1948,3
1949,0
1950,3
1951,0
1952,3
1953,0
1954,0
1955,3
1956,3
1957,1
1958,2
1959,0
1960,2
1961,3
1962,0
1963,3
1964,0
1965,3
1966,1
1967,0
1968,3
1969,1
1970,3
1971,3
1972,1
1973,3
1974,1
1975,3
1976,3
1977,3
1978,3
1979,0
1980,3
1981,3
1982,3
1983,3
1984,3
1985,1
1986,1
1987,0
1988,2
1989,3
1990,1
1991,1
1992,3
1993,0
1994,3
1995,3
1996,1
1997,2
1998,1
1999,3
2000,1
2001,2
2002,2
2003,3
2004,3
2005,3
2006,3
2007,0
2008,2
2009,3
2010,1
2011,3
2012,3
2013,1
2014,1
2015,0
2016,1
2017,0
2018,0
2019,0
2020,1
2021,1
2022,1
2023,1
2024,0
2025,2
2026,1
2027,0
2028,3
2029,0
2030,3
2031,0
2032,1
2033,0
2034,1
2035,0
2036,3
2037,2
2038,1
2039,2
2040,1
2041,3
2042,0
2043,1
2044,1
2045,3
2046,3
2047,3
2048,0
2049,3
2050,3
2051,0
2052,2
2053,1
2054,1
2055,3
2056,0
2057,1
2058,1
2059,1
2060,0
2061,0
2062,3
2063,3
2064,2
2065,1
2066,3
2067,0
2068,1
2069,2
2070,2
2071,3
2072,3
2073,0
2074,0
2075,3
2076,0
2077,1
2078,1
2079,0
2080,1
2081,1
2082,1
2083,0
2084,0
2085,2
2086,0
2087,3
2088,0
2089,0
2090,1
2091,0
2092,3
2093,3
2094,3
2095,0
2096,3
2097,3
2098,3
2099,3
2100,3
2101,3
2102,1
2103,1
2104,0
2105,3
2106,1
2107,0
2108,3
2109,3
2110,1
2111,2
2112,0
2113,2
2114,3
2115,2
2116,3
2117,3
2118,3
2119,0
2120,0
2121,3
2122,1
2123,3
2124,0
2125,0
2126,2
2127,2
2128,3
2129,3
2130,1
2131,1
2132,0
2133,0
2134,3
2135,0
2136,1
2137,0
2138,1
2139,0
2140,0
2141,3
2142,0
2143,0
2144,3
2145,0
2146,3
2147,0
2148,3
2149,1
2150,2
2151,3
2152,1
2153,3
2154,3
2155,3
2156,0
2157,2
2158,2
2159,3
2160,1
2161,0
2162,3
2163,3
2164,3
2165,3
2166,3
2167,3
2168,0
2169,0
2170,0
2171,1
2172,0
2173,0
2174,1
2175,0
2176,1
2177,1
2178,3
2179,3
2180,2
2181,1
2182,0
2183,2
2184,1
2185,0
2186,3
2187,3
2188,1
2189,3
2190,3
2191,3
2192,0
2193,1
2194,3
2195,1
2196,0
2197,1
2198,1
2199,0
2200,0
2201,3
2202,2
2203,3
2204,0
2205,1
2206,3
2207,3
2208,1
2209,3
2210,1
2211,1
2212,3
2213,1
2214,1
2215,3
2216,1
2217,3
2218,0
2219,0
2220,3
2221,0
2222,2
2223,3
2224,3
2225,1
2226,0
2227,3
2228,3
2229,3
2230,0
2231,3
2232,1
2233,1
2234,0
2235,1
2236,3
2237,1
2238,2
2239,0
2240,0
2241,3
2242,2
2243,3
2244,0
2245,2
2246,0
2247,0
2248,3
2249,3
2250,3
2251,0
2252,0
2253,3
2254,3
2255,3
2256,3
2257,3
2258,0
2259,0
2260,0
2261,3
2262,0
2263,1
2264,3
2265,0
2266,3
2267,3
2268,0
2269,3
2270,0
2271,1
2272,3
2273,3
2274,3
2275,0
2276,1
2277,1
2278,0
2279,1
2280,2
2281,1
2282,1
2283,1
2284,3
2285,0
2286,3
2287,0
2288,3
2289,0
2290,1
2291,0
2292,1
2293,3
2294,0
2295,3
2296,3
2297,2
2298,3
2299,2
2300,0
2301,0
2302,3
2303,0
2304,1
2305,3
2306,3
2307,2
2308,0
2309,3
2310,0
2311,0
2312,3
2313,1
2314,3
2315,1
2316,3
2317,3
2318,3
2319,0
2320,1
2321,1
2322,0
2323,0
2324,0
2325,3
2326,3
2327,0
2328,0
2329,3
2330,3
2331,1
2332,2
2333,0
2334,0
2335,1
2336,3
2337,1
2338,2
2339,0
2340,3
2341,0
2342,3
2343,0
2344,1
2345,3
2346,0
2347,0
2348,0
2349,1
2350,0
2351,3
2352,2
2353,0
2354,3
2355,3
2356,1
2357,1
2358,3
2359,0
2360,3
2361,3
2362,1
2363,1
2364,0
2365,3
2366,0
2367,3
2368,3
2369,0
2370,0
2371,3
2372,3
2373,0
2374,3
2375,3
2376,0
2377,1
2378,3
2379,3
2380,0
2381,3
2382,3
2383,3
2384,1
2385,0
2386,1
2387,3
2388,2
2389,3
2390,0
2391,1
2392,3
2393,1
2394,0
2395,0
2396,3
2397,0
2398,1
2399,3
2400,1
2401,1
2402,2
2403,0
2404,3
2405,3
2406,3
2407,3
2408,0
2409,3
2410,1
2411,1
2412,2
2413,1
2414,1
2415,2
2416,3
2417,3
2418,1
2419,3
2420,2
2421,1
2422,1
2423,1
2424,1
2425,3
2426,2
2427,1
2428,3
2429,1
2430,1
2431,1
2432,3
2433,0
2434,0
2435,1
2436,2
2437,3
2438,0
2439,1
2440,1
2441,0
2442,0
2443,3
2444,0
2445,0
2446,1
2447,0
2448,3
2449,0
2450,1
2451,1
2452,0
2453,3
2454,0
2455,0
2456,3
2457,3
2458,1
2459,2
2460,0
2461,0
2462,3
2463,3
2464,0
2465,1
2466,1
2467,3
2468,3
2469,1
2470,3
2471,3
2472,2
2473,0
2474,3
2475,3
2476,0
2477,3
2478,0
2479,0
2480,1
2481,2
2482,3
2483,3
2484,0
2485,1
2486,0
2487,3
2488,0
2489,3
2490,0
2491,1
2492,0
2493,1
2494,0
2495,0
2496,3
2497,1
2498,1
2499,0
2500,0
2501,0
2502,3
2503,0
2504,2
2505,0
2506,1
2507,3
2508,0
2509,3
2510,3
2511,2
2512,0
2513,1
2514,3
2515,3
2516,3
2517,2
2518,1
2519,0
2520,3
2521,1
2522,1
2523,1
2524,0
2525,1
2526,3
2527,3
2528,1
2529,3
2530,0
2531,1
2532,0
2533,1
2534,3
2535,3
2536,2
2537,2
2538,1
2539,3
2540,0
2541,0
2542,3
2543,1
2544,1
2545,3
2546,3
2547,3
2548,0
2549,1
2550,3
2551,1
2552,3
2553,2
2554,2
2555,2
2556,3
2557,1
2558,0
2559,2
2560,1
2561,0
2562,3
2563,1
2564,0
2565,3
2566,0
2567,3
2568,2
2569,0
2570,0
2571,1
2572,3
2573,2
2574,0
2575,2
2576,3
2577,1
2578,3
2579,0
2580,0
2581,0
2582,0
2583,3
2584,1
2585,2
2586,3
2587,3
2588,3
2589,3
2590,2
2591,1
2592,1
2593,1
2594,1
2595,3
2596,3
2597,3
2598,1
2599,0
2600,3
2601,2
2602,1
2603,3
2604,0
2605,0
2606,3
2607,3
2608,0
2609,2
2610,2
2611,1
2612,3
2613,3
2614,3
2615,2
2616,3
2617,3
2618,1
2619,3
2620,3
2621,1
2622,1
2623,0
2624,0
2625,0
2626,1
2627,1
2628,0
2629,0
2630,2
2631,0
2632,1
2633,3
2634,0
2635,3
2636,3
2637,0
2638,0
2639,1
2640,0
2641,3
2642,3
2643,3
2644,3
2645,2
2646,0
2647,1
2648,3
2649,1
2650,2
2651,0
2652,3
2653,1
2654,1
2655,0
2656,0
2657,3
2658,0
2659,0
2660,2
2661,0
2662,1
2663,3
2664,3
2665,0
2666,0
2667,0
2668,1
2669,3
2670,0
2671,0
2672,3
2673,1
2674,2
2675,3
2676,2
2677,0
2678,2
2679,0
2680,3
2681,3
2682,0
2683,3
2684,3
2685,0
2686,3
2687,3
2688,1
2689,0
2690,3
2691,3
2692,0
2693,3
2694,3
2695,3
2696,3
2697,1
2698,0
2699,3
2700,1
2701,2
2702,1
2703,0
2704,1
2705,0
2706,3
2707,0
2708,1
2709,0
2710,0
2711,0
2712,1
2713,0
2714,3
2715,0
2716,3
2717,3
2718,3
2719,0
2720,3
2721,3
2722,3
2723,3
2724,0
2725,1
2726,0
2727,3
2728,3
2729,1
2730,1
2731,2
2732,3
2733,1
2734,3
2735,2
2736,3
2737,3
2738,1
2739,1
2740,0
2741,3
2742,3
2743,2
2744,1
2745,3
2746,3
2747,3
2748,3
2749,3
2750,2
2751,1
2752,0
2753,1
2754,3
2755,0
2756,3
2757,3
2758,3
2759,1
2760,0
2761,3
2762,0
2763,0
2764,0
2765,0
2766,0
2767,1
2768,0
2769,0
2770,2
2771,3
2772,1
2773,3
2774,3
2775,3
2776,0
2777,1
2778,1
2779,0
2780,3
2781,1
2782,0
2783,0
2784,1
2785,2
2786,0
2787,2
2788,2
2789,2
2790,0
2791,1
2792,0
2793,1
2794,3
2795,1
2796,3
2797,2
2798,3
2799,0
2800,3
2801,0
2802,0
2803,2
2804,3
2805,1
2806,0
2807,3
2808,3
2809,0
2810,0
2811,3
2812,3
2813,3
2814,0
2815,2
2816,0
2817,3
2818,0
2819,3
2820,0
2821,1
2822,0
2823,3
2824,0
2825,1
2826,0
2827,1
2828,1
2829,2
2830,2
2831,0
2832,3
2833,2
2834,3
2835,2
2836,1
2837,0
2838,3
2839,0
2840,3
2841,3
2842,3
2843,3
2844,2
2845,1
2846,1
2847,3
2848,3
2849,3
2850,3
2851,0
2852,1
2853,1
2854,2
2855,0
2856,1
2857,0
2858,3
2859,1
2860,0
2861,1
2862,3
2863,0
2864,3
2865,3
2866,3
2867,3
2868,1
2869,1
2870,1
2871,0
2872,1
2873,3
2874,1
2875,2
2876,0
2877,3
2878,1
2879,1
2880,0
2881,3
2882,1
2883,0
2884,0
2885,0
2886,0
2887,0
2888,0
2889,0
2890,3
2891,1
2892,2
2893,3
2894,1
2895,3
2896,1
2897,3
2898,1
2899,2
2900,0
2901,3
2902,1
2903,3
2904,3
2905,0
2906,0
2907,1
2908,3
2909,0
2910,1
2911,0
2912,3
2913,2
2914,0
2915,3
2916,0
2917,0
2918,3
2919,1
2920,2
2921,0
2922,0
2923,3
2924,0
2925,1
2926,1
2927,0
2928,0
2929,1
2930,0
2931,1
2932,0
2933,0
2934,0
2935,3
2936,3
2937,0
2938,1
2939,3
2940,3
2941,0
2942,0
2943,1
2944,0
2945,0
2946,1
2947,0
2948,1
2949,3
2950,3
2951,0
2952,2
2953,0
2954,0
2955,3
2956,2
2957,0
2958,0
2959,1
2960,2
2961,0
2962,1
2963,1
2964,1
2965,3
2966,3
2967,1
2968,0
2969,0
2970,3
2971,3
2972,0
2973,0
2974,0
2975,3
2976,0
2977,3
2978,1
2979,1
2980,2
2981,0
2982,0
2983,2
2984,1
2985,0
2986,0
2987,0
2988,3
2989,0
2990,0
2991,3
2992,0
2993,0
2994,3
2995,1
2996,1
2997,2
2998,3
2999,0
3000,0
3001,1
3002,3
3003,0
3004,0
3005,0
3006,3
3007,0
3008,0
3009,3
3010,0
3011,3
3012,3
3013,3
3014,3
3015,3
3016,2
3017,3
3018,0
3019,2
3020,0
3021,0
3022,3
3023,3
3024,0
3025,1
3026,1
3027,1
3028,1
3029,0
3030,0
3031,1
3032,3
3033,1
3034,0
3035,0
3036,1
3037,1
3038,0
3039,3
3040,0
3041,1
3042,0
3043,0
3044,0
3045,3
3046,1
3047,3
3048,1
3049,0
3050,1
3051,0
3052,0
3053,2
3054,0
3055,1
3056,0
3057,1
3058,0
3059,0
3060,3
3061,3
3062,3
3063,0
3064,1
3065,0
3066,3
3067,0
3068,2
3069,3
3070,0
3071,1
3072,2
3073,0
3074,3
3075,0
3076,0
3077,0
3078,0
3079,0
3080,1
3081,3
3082,2
3083,1
3084,1
3085,0
3086,0
3087,0
3088,3
3089,1
3090,1
3091,1
3092,3
3093,2
3094,0
3095,0
3096,3
3097,1
3098,0
3099,1
3100,3
3101,3
3102,0
3103,1
3104,0
3105,3
3106,0
3107,0
3108,0
3109,3
3110,1
3111,1
3112,2
3113,2
3114,1
3115,0
3116,0
3117,3
3118,3
3119,1
3120,0
3121,3
3122,0
3123,1
3124,1
3125,1
3126,3
3127,1
3128,0
3129,3
3130,3
3131,0
3132,2
3133,0
3134,1
3135,0
3136,3
3137,1
3138,0
3139,0
3140,1
3141,1
3142,1
3143,0
3144,3
3145,1
3146,3
3147,0
3148,3
3149,2
3150,0
3151,0
3152,0
3153,3
3154,0
3155,3
3156,1
3157,2
3158,0
3159,3
3160,3
3161,3
3162,0
3163,3
3164,1
3165,0
3166,1
3167,3
3168,3
3169,3
3170,0
3171,3
3172,1
3173,3
3174,0
3175,1
3176,3
3177,1
3178,3
3179,0
3180,3
3181,0
3182,3
3183,3
3184,3
3185,0
3186,2
3187,0
3188,1
3189,1
3190,0
3191,0
3192,0
3193,2
3194,3
3195,3
3196,0
3197,1
3198,0
3199,0
3200,0
3201,0
3202,3
3203,3
3204,2
3205,3
3206,0
3207,3
3208,2
3209,3
3210,1
3211,3
3212,0
3213,3
3214,2
3215,0
3216,3
3217,1
3218,0
3219,3
3220,3
3221,0
3222,2
3223,1
3224,3
3225,1
3226,0
3227,0
3228,0
3229,3
3230,0
3231,1
3232,0
3233,1
3234,3
3235,1
3236,3
3237,0
3238,3
3239,3
3240,1
3241,0
3242,3
3243,0
3244,3
3245,1
3246,0
3247,2
3248,3
3249,0
3250,0
3251,3
3252,3
3253,2
3254,1
3255,0
3256,0
3257,1
3258,3
3259,2
3260,3
3261,3
3262,0
3263,0
3264,1
3265,3
3266,0
3267,1
3268,3
3269,2
3270,1
3271,0
3272,1
3273,0
3274,0
3275,3
3276,0
3277,0
3278,0
3279,0
3280,3
3281,1
3282,1
3283,1
3284,1
3285,3
3286,0
3287,3
3288,3
3289,0
3290,0
3291,3
3292,1
3293,0
3294,0
3295,0
3296,1
3297,1
3298,1
3299,3
3300,3
3301,3
3302,1
3303,1
3304,1
3305,3
3306,1
3307,3
3308,0
3309,1
3310,1
3311,1
3312,3
3313,3
3314,2
3315,0
3316,3
3317,0
3318,0
3319,3
3320,3
3321,2
3322,3
3323,3
3324,2
3325,0
3326,2
3327,0
3328,2
3329,1
3330,1
3331,2
3332,1
3333,3
3334,1
3335,1
3336,3
3337,1
3338,0
3339,1
3340,1
3341,1
3342,3
3343,2
3344,3
3345,2
3346,0
3347,3
3348,0
3349,0
3350,1
3351,1
3352,3
3353,0
3354,3
3355,3
3356,3
3357,0
3358,1
3359,3
3360,3
3361,3
3362,1
3363,0
3364,2
3365,0
3366,3
3367,3
3368,3
3369,1
3370,0
3371,3
3372,3
3373,1
3374,1
3375,0
3376,0
3377,3
3378,1
3379,3
3380,3
3381,1
3382,1
3383,1
3384,1
3385,1
3386,0
3387,1
3388,0
3389,1
3390,0
3391,0
3392,3
3393,2
3394,2
3395,3
3396,2
3397,3
3398,2
3399,2
3400,1
3401,2
3402,1
3403,0
3404,1
3405,0
3406,3
3407,3
3408,3
3409,1
3410,3
3411,3
3412,3
3413,1
3414,3
3415,0
3416,1
3417,3
3418,0
3419,3
3420,3
3421,3
3422,0
3423,1
3424,0
3425,3
3426,3
3427,1
3428,3
3429,0
3430,3
3431,3
3432,1
3433,0
3434,2
3435,3
3436,1
3437,3
3438,3
3439,3
3440,3
3441,1
3442,1
3443,3
3444,3
3445,3
3446,3
3447,3
3448,0
3449,3
3450,0
3451,1
3452,2
3453,3
3454,3
3455,1
3456,3
3457,1
3458,2
3459,0
3460,0
3461,2
3462,0
3463,3
3464,3
3465,3
3466,0
3467,1
3468,2
3469,1
3470,3
3471,1
3472,3
3473,2
3474,2
3475,3
3476,0
3477,0
3478,0
3479,0
3480,3
3481,3
3482,0
3483,0
3484,3
3485,0
3486,0
3487,3
3488,0
3489,0
3490,1
3491,0
3492,0
3493,1
3494,1
3495,1
3496,3
3497,3
3498,0
3499,0
3500,1
3501,3
3502,3
3503,3
3504,3
3505,0
3506,3
3507,0
3508,2
3509,1
3510,3
3511,3
3512,0
3513,0
3514,2
3515,0
3516,3
3517,1
3518,3
3519,0
3520,2
3521,3
3522,1
3523,3
3524,3
3525,3
3526,2
3527,1
3528,1
3529,3
3530,1
3531,0
3532,3
3533,0
3534,1
3535,3
3536,1
3537,0
3538,1
3539,0
3540,2
3541,0
3542,0
3543,0
3544,3
3545,0
3546,3
3547,3
3548,3
3549,0
3550,0
3551,3
3552,1
3553,2
3554,1
3555,3
3556,3
3557,1
3558,1
3559,1
3560,0
3561,3
3562,1
3563,0
3564,1
3565,1
3566,1
3567,1
3568,3
3569,1
3570,1
3571,0
3572,0
3573,1
3574,0
3575,3
3576,1
3577,1
3578,2
3579,2
3580,0
3581,3
3582,2
3583,3
3584,2
3585,3
3586,1
3587,3
3588,1
3589,3
3590,3
3591,3
3592,2
3593,3
3594,2
3595,0
3596,3
3597,1
3598,1
3599,3
3600,0
3601,0
3602,3
3603,1
3604,1
3605,3
3606,1
3607,3
3608,3
3609,3
3610,0
3611,3
3612,3
3613,3
3614,3
3615,0
3616,3
3617,1
3618,1
3619,3
3620,0
3621,3
3622,1
3623,0
3624,0
3625,3
3626,1
3627,1
3628,3
3629,0
3630,0
3631,0
3632,1
3633,2
3634,0
3635,3
3636,2
3637,0
3638,1
3639,0
3640,3
3641,0
3642,1
3643,2
3644,3
3645,0
3646,0
3647,0
3648,2
3649,0
3650,3
3651,3
3652,3
3653,0
3654,1
3655,2
3656,0
3657,1
3658,0
3659,2
3660,0
3661,1
3662,3
3663,1
3664,0
3665,3
3666,2
3667,3
3668,3
3669,3
3670,3
3671,3
3672,3
3673,1
3674,1
3675,0
3676,1
3677,3
3678,3
3679,0
3680,3
3681,0
3682,1
3683,3
3684,1
3685,3
3686,0
3687,0
3688,0
3689,0
3690,0
3691,3
3692,3
3693,3
3694,1
3695,1
3696,3
3697,0
3698,1
3699,3
3700,3
3701,3
3702,3
3703,3
3704,1
3705,0
3706,3
3707,3
3708,3
3709,1
3710,3
3711,1
3712,0
3713,3
3714,2
3715,1
3716,0
3717,0
3718,0
3719,2
3720,1
3721,3
3722,1
3723,3
3724,1
3725,2
3726,0
3727,0
3728,2
3729,0
3730,0
3731,0
3732,0
3733,1
3734,3
3735,1
3736,0
3737,0
3738,0
3739,3
3740,0
3741,3
3742,0
3743,3
3744,0
3745,1
3746,2
3747,3
3748,2
3749,0
3750,0
3751,1
3752,2
3753,1
3754,0
3755,1
3756,0
3757,0
3758,3
3759,0
3760,2
3761,1
3762,0
3763,1
3764,0
3765,0
3766,3
3767,0
3768,3
3769,2
3770,3
3771,3
3772,0
3773,0
3774,1
3775,3
3776,3
3777,3
3778,3
3779,0
3780,0
3781,3
3782,3
3783,0
3784,0
3785,3
3786,0
3787,1
3788,3
3789,0
3790,3
3791,0
3792,1
3793,3
3794,0
3795,3
3796,3
3797,3
3798,3
3799,2
3800,1
3801,1
3802,2
3803,3
3804,2
3805,3
3806,1
3807,0
3808,1
3809,1
3810,1
3811,1
3812,3
3813,3
3814,1
3815,2
3816,1
3817,0
3818,3
3819,1
3820,0
3821,0
3822,3
3823,2
3824,3
3825,0
3826,0
3827,0
3828,3
3829,3
3830,0
3831,1
3832,0
3833,3
3834,3
3835,0
3836,3
3837,1
3838,3
3839,1
3840,0
3841,1
3842,3
3843,3
3844,0
3845,3
3846,1
3847,3
3848,1
3849,1
3850,3
3851,0
3852,3
3853,3
3854,1
3855,3
3856,0
3857,0
3858,0
3859,1
3860,1
3861,3
3862,0
3863,0
3864,1
3865,3
3866,0
3867,1
3868,3
3869,3
3870,1
3871,0
3872,1
3873,0
3874,3
3875,3
3876,2
3877,0
3878,0
3879,3
3880,1
3881,0
3882,1
3883,1
3884,1
3885,3
3886,0
3887,3
3888,0
3889,1
3890,3
3891,1
3892,1
3893,0
3894,0
3895,0
3896,3
3897,0
3898,0
3899,1
3900,0
3901,3
3902,2
3903,3
3904,3
3905,0
3906,0
3907,0
3908,2
3909,3
3910,0
3911,0
3912,1
3913,0
3914,0
3915,1
3916,0
3917,0
3918,0
3919,3
3920,1
3921,0
3922,3
3923,3
3924,1
3925,0
3926,1
3927,0
3928,0
3929,0
3930,0
3931,3
3932,3
3933,0
3934,1
3935,2
3936,3
3937,2
3938,3
3939,0
3940,0
3941,3
3942,3
3943,3
3944,3
3945,1
3946,3
3947,0
3948,3
3949,3
3950,0
3951,3
3952,3
3953,0
3954,0
3955,0
3956,0
3957,1
3958,1
3959,0
3960,1
3961,0
3962,3
3963,1
3964,1
3965,3
3966,0
3967,1
3968,3
3969,0
3970,3
3971,3
3972,0
3973,0
3974,3
3975,3
3976,1
3977,0
3978,0
3979,0
3980,3
3981,3
3982,3
3983,3
3984,0
3985,2
3986,1
3987,3
3988,3
3989,1
3990,0
3991,3
3992,2
3993,0
3994,1
3995,2
3996,0
3997,3
3998,3
3999,1
4000,3
4001,1